0 878 1
3 41 2
3 67 1
3 101 1
3 249 1
3 259 1
3 262 1
3 264 1
3 277 1
3 326 1
3 359 1
3 397 1
3 417 1
3 426 1
3 476 1
3 478 2
3 485 1
3 487 2
3 531 2
3 708 1
3 762 1
3 785 1
3 795 1
3 825 2
3 873 1
3 928 1
3 942 1
3 1108 1
3 1354 1
4 954 1
5 33 1
5 54 1
5 57 1
5 106 1
5 144 1
5 164 1
5 175 1
5 187 1
5 250 1
5 292 1
5 298 1
5 306 1
5 323 1
5 324 1
5 325 1
5 355 1
5 453 1
5 498 1
5 546 1
5 558 1
5 604 1
5 676 1
5 679 1
5 725 1
5 736 1
5 749 1
5 779 1
5 783 1
5 836 1
5 842 1
5 881 1
5 903 1
5 915 1
5 939 1
5 1092 1
5 1272 1
6 837 1
6 962 1
7 812 1
7 942 1
7 1196 2
9 19 2
9 101 1
9 199 1
9 329 1
9 394 1
9 437 1
9 465 1
9 568 2
9 588 1
9 643 1
9 730 1
9 765 1
9 814 1
9 913 1
10 339 1
10 492 1
11 334 1
11 696 1
11 771 1
11 949 1
11 962 1
11 1073 1
11 1137 1
13 259 1
15 852 1
17 162 1
17 604 1
17 722 1
17 799 1
17 1000 1
17 1078 1
17 1127 1
17 1244 1
18 279 1
18 557 2
18 796 1
18 959 2
18 1217 1
19 214 1
19 335 1
19 437 1
19 465 2
19 568 1
19 738 1
19 765 2
19 789 1
19 909 1
19 1279 1
20 62 1
20 208 1
20 245 1
20 290 1
20 440 1
20 668 1
20 726 1
20 863 1
20 1015 1
21 35 1
21 36 1
21 493 1
23 236 1
23 696 1
23 764 1
23 771 1
23 925 1
23 949 2
23 962 1
23 1137 1
24 51 1
24 106 1
24 240 1
24 418 1
24 497 1
24 505 1
24 777 1
24 844 1
24 879 1
24 1267 1
25 189 1
25 209 2
25 256 1
25 257 1
25 285 1
25 310 2
25 362 1
25 434 1
25 442 1
25 457 1
25 462 1
25 481 2
25 607 1
25 725 1
25 727 1
25 742 1
25 936 1
25 966 2
25 978 1
25 981 1
25 1007 2
25 1299 1
25 1308 1
26 111 2
26 743 1
26 969 1
27 175 1
27 213 1
27 293 1
27 343 1
27 658 1
27 784 1
27 955 1
28 377 1
28 387 1
29 103 1
29 393 1
29 517 1
29 549 1
29 724 1
29 778 1
29 874 1
29 880 1
29 883 1
29 884 1
29 886 1
29 887 1
29 895 1
29 899 1
29 905 1
29 911 2
29 916 1
29 917 1
29 920 1
29 923 1
29 931 1
29 945 1
29 953 1
29 960 1
29 968 1
29 972 1
29 973 1
29 978 1
29 979 1
29 980 1
29 982 1
29 983 1
29 986 1
29 996 1
29 999 1
29 1077 1
29 1353 1
30 51 1
30 68 1
30 84 1
30 101 1
30 119 1
30 190 1
30 225 1
30 289 1
30 317 1
30 344 1
30 373 1
30 410 1
30 421 2
30 487 1
30 535 1
30 575 2
30 620 1
30 668 2
30 698 2
30 776 1
30 898 2
30 974 1
30 1266 1
31 68 2
31 394 1
31 571 1
31 765 1
31 780 1
31 787 1
32 311 1
32 406 1
32 436 2
32 485 1
32 589 1
32 591 1
32 635 1
33 57 1
33 106 1
33 113 1
33 250 1
33 254 1
33 274 1
33 292 1
33 298 1
33 314 1
33 323 1
33 324 1
33 325 1
33 333 1
33 355 1
33 386 1
33 392 1
33 416 1
33 442 1
33 449 1
33 546 1
33 558 1
33 592 1
33 604 1
33 676 1
33 679 1
33 725 1
33 736 1
33 758 1
33 779 1
33 810 1
33 881 1
33 903 1
33 994 1
33 1014 1
33 1259 1
33 1272 2
34 37 1
34 38 1
35 36 1
35 493 1
36 493 1
37 38 1
39 68 1
39 86 1
39 173 1
39 251 1
39 397 1
39 454 1
39 477 1
39 671 1
39 817 1
39 946 1
39 956 1
39 993 1
39 1008 2
39 1317 1
40 88 1
40 129 1
40 131 1
40 223 1
40 260 1
40 405 1
40 650 1
40 736 1
41 67 2
41 71 2
41 105 2
41 117 1
41 122 1
41 151 1
41 248 1
41 259 1
41 262 1
41 264 1
41 326 1
41 357 1
41 359 1
41 376 1
41 397 1
41 398 1
41 401 2
41 417 1
41 465 1
41 476 2
41 478 2
41 487 1
41 568 1
41 642 1
41 695 1
41 717 1
41 762 2
41 770 1
41 780 1
41 785 1
41 789 1
41 796 1
41 873 1
41 894 2
41 921 2
41 928 2
41 942 1
41 962 1
41 975 1
41 1108 1
42 43 1
42 405 1
42 736 1
43 129 1
43 405 1
43 736 1
44 176 1
44 209 1
44 257 1
44 285 2
44 310 1
44 434 1
44 442 1
44 457 1
44 462 1
44 476 1
44 607 1
44 699 1
44 727 1
44 936 2
44 978 1
44 1007 1
44 1299 2
45 65 1
45 86 1
45 107 1
45 152 1
45 194 2
45 259 1
45 399 1
45 421 2
45 431 1
45 438 1
45 636 1
45 881 1
45 908 1
45 1035 1
45 1076 2
46 262 1
46 363 1
46 749 1
46 904 1
47 647 1
49 153 1
49 355 1
49 379 2
49 673 1
49 733 1
49 1327 1
50 52 1
50 53 1
50 58 1
50 70 1
50 73 1
50 79 1
50 89 1
50 90 1
50 91 1
50 98 1
50 107 1
50 192 1
50 356 1
50 645 1
50 1082 1
50 1280 2
51 68 1
51 97 1
51 163 2
51 195 1
51 225 1
51 240 1
51 274 1
51 344 2
51 346 1
51 366 1
51 373 1
51 410 1
51 421 1
51 430 2
51 446 1
51 476 1
51 497 2
51 505 1
51 511 1
51 577 1
51 585 1
51 589 1
51 598 1
51 620 2
51 668 1
51 670 1
51 682 1
51 770 1
51 777 1
51 814 1
51 849 1
51 852 2
51 879 1
51 898 1
51 914 1
51 964 1
51 994 1
51 1022 1
51 1149 1
51 1266 1
51 1267 1
52 53 1
52 58 1
52 66 1
52 70 1
52 79 1
52 81 1
52 83 1
52 89 1
52 90 1
52 98 1
52 107 1
52 161 1
52 192 1
52 645 1
53 73 1
53 78 1
53 83 1
53 90 1
53 117 1
53 192 1
53 356 1
53 854 1
53 926 1
53 965 1
53 1082 1
53 1280 1
54 67 1
54 106 1
54 114 1
54 125 1
54 139 1
54 144 1
54 149 1
54 164 1
54 185 1
54 191 1
54 250 1
54 260 1
54 274 1
54 275 1
54 292 1
54 314 1
54 319 1
54 321 1
54 323 2
54 330 1
54 333 1
54 347 1
54 355 1
54 375 1
54 386 1
54 416 1
54 420 1
54 437 1
54 442 1
54 498 1
54 527 1
54 546 1
54 551 1
54 558 2
54 585 1
54 604 1
54 646 1
54 648 1
54 669 1
54 676 1
54 679 1
54 703 1
54 725 1
54 736 1
54 758 1
54 776 1
54 779 1
54 783 1
54 808 1
54 828 1
54 831 1
54 836 1
54 842 1
54 882 1
54 903 1
54 915 1
54 939 1
54 971 1
54 994 1
54 1040 1
54 1108 1
54 1157 1
54 1272 1
54 1291 1
57 105 1
57 106 1
57 144 1
57 175 1
57 250 1
57 274 1
57 314 1
57 323 1
57 325 1
57 333 1
57 396 1
57 416 1
57 420 1
57 442 1
57 453 1
57 604 2
57 679 1
57 725 2
57 736 2
57 747 1
57 758 1
57 779 1
57 783 1
57 842 1
57 881 1
57 903 1
57 915 2
57 939 2
57 994 1
57 1154 1
57 1272 2
58 66 1
58 70 1
58 73 1
58 89 1
58 91 1
58 98 1
58 107 1
58 161 1
58 192 1
58 356 1
58 645 1
58 720 1
58 1280 1
59 66 1
59 73 1
59 78 1
59 79 1
59 81 1
59 83 1
59 90 1
59 91 1
59 98 1
59 107 1
59 161 1
59 192 1
59 356 1
59 720 1
60 68 1
60 86 1
60 153 1
60 173 1
60 247 1
60 251 1
60 255 2
60 291 1
60 315 1
60 329 1
60 428 1
60 483 2
60 553 1
60 554 1
60 604 1
60 671 1
60 769 2
60 814 2
60 817 1
60 927 1
60 971 1
60 993 2
60 1287 1
60 1317 2
61 102 2
61 459 2
62 440 1
62 726 1
62 1015 1
63 93 1
63 307 1
63 469 2
63 507 1
63 896 1
63 968 1
64 624 2
64 906 1
65 92 2
65 428 1
65 431 1
65 574 1
65 650 1
65 755 1
65 881 1
65 1287 1
66 70 1
66 73 1
66 78 1
66 79 1
66 81 1
66 83 1
66 91 1
66 192 1
66 356 1
66 1082 1
67 88 2
67 101 2
67 139 1
67 149 2
67 151 2
67 169 1
67 195 2
67 262 1
67 275 1
67 276 1
67 317 1
67 319 2
67 321 1
67 330 2
67 359 1
67 386 1
67 397 1
67 417 1
67 420 3
67 426 1
67 437 1
67 444 1
67 476 2
67 478 1
67 487 1
67 515 1
67 531 2
67 551 1
67 568 2
67 619 2
67 657 1
67 664 1
67 713 1
67 754 1
67 762 2
67 795 1
67 801 2
67 813 1
67 825 3
67 837 2
67 873 1
67 919 1
67 924 1
67 928 1
67 941 1
67 942 1
67 962 2
67 1040 1
67 1108 1
67 1268 1
67 1291 1
67 1354 2
68 86 1
68 101 1
68 125 1
68 130 1
68 225 1
68 291 1
68 315 2
68 344 1
68 373 1
68 375 1
68 392 1
68 394 1
68 397 1
68 410 1
68 427 1
68 454 1
68 477 1
68 564 1
68 571 1
68 575 1
68 585 1
68 602 1
68 604 2
68 620 1
68 646 1
68 668 1
68 669 1
68 670 1
68 671 1
68 765 1
68 780 1
68 787 1
68 796 2
68 808 1
68 814 2
68 831 1
68 849 1
68 882 1
68 898 1
68 900 1
68 946 2
68 971 1
68 1108 2
68 1157 2
68 1266 2
68 1317 1
69 153 1
69 269 1
69 404 1
69 519 1
69 724 1
69 746 1
69 832 1
69 941 1
69 1137 1
70 78 1
70 81 1
70 89 2
70 90 1
70 98 1
70 107 1
70 192 1
70 720 1
70 1082 1
71 101 1
71 151 1
71 249 1
71 262 1
71 264 1
71 326 1
71 357 1
71 359 1
71 397 1
71 476 1
71 478 1
71 487 1
71 531 1
71 568 1
71 619 1
71 717 1
71 770 1
71 795 1
71 813 1
71 825 1
71 873 1
71 928 1
71 942 1
71 962 1
71 1108 1
71 1268 2
71 1354 2
73 78 1
73 79 1
73 89 1
73 90 1
73 91 2
73 98 1
73 107 2
73 161 1
73 192 1
73 356 1
73 645 2
73 1082 1
74 360 1
74 420 1
74 483 1
74 505 1
74 788 1
74 954 2
76 110 1
76 112 1
76 115 1
76 124 1
76 211 1
76 321 1
76 358 1
76 392 1
76 499 1
76 715 1
76 745 2
76 770 1
76 804 1
77 87 1
77 97 1
77 109 1
77 185 1
77 211 1
77 230 1
77 232 1
77 253 1
77 261 1
77 301 1
77 401 2
77 421 1
77 436 1
77 465 1
77 550 1
77 642 1
77 644 1
77 780 1
77 819 1
77 830 1
77 841 1
77 893 1
77 894 1
77 908 1
77 975 1
77 1178 1
77 1296 1
77 1315 1
77 1350 2
77 1351 1
77 1352 1
78 81 1
78 83 1
78 89 1
78 90 1
78 91 1
78 107 1
78 161 1
78 356 1
78 720 1
78 1082 1
78 1280 1
79 83 1
79 89 1
79 90 1
79 91 1
79 98 1
79 161 1
79 192 1
79 356 1
79 569 1
79 645 1
79 837 1
79 962 1
79 1082 1
81 83 1
81 89 1
81 90 2
81 91 1
81 107 1
81 356 1
81 720 1
81 1082 1
82 160 1
82 662 1
82 677 1
82 745 1
82 770 1
82 842 1
82 940 1
82 957 1
83 89 1
83 90 1
83 91 2
83 98 1
83 161 2
83 192 1
83 356 1
83 645 1
83 720 1
83 1082 1
83 1280 2
84 119 1
84 168 1
84 289 1
84 317 1
84 997 2
85 293 2
85 393 1
85 415 1
85 418 1
85 757 2
86 107 1
86 134 1
86 152 1
86 173 1
86 251 1
86 256 1
86 259 1
86 291 1
86 315 1
86 320 1
86 323 1
86 338 1
86 397 1
86 438 1
86 454 1
86 477 1
86 483 1
86 516 1
86 604 1
86 631 1
86 636 1
86 642 1
86 670 1
86 671 1
86 711 1
86 817 1
86 908 2
86 946 1
86 1076 1
87 378 1
87 644 1
87 697 1
87 816 1
87 830 1
87 890 1
87 893 1
87 1352 1
88 169 1
88 223 1
88 276 1
88 515 1
88 669 1
88 704 1
88 765 1
88 823 1
88 828 1
88 840 1
88 1204 1
88 1282 1
89 90 1
89 91 1
89 98 1
89 107 1
89 356 1
89 1082 1
89 1280 2
90 91 1
90 98 1
90 161 1
90 192 1
90 645 1
90 1082 1
90 1280 1
91 98 1
91 107 1
91 192 1
91 645 1
91 1280 1
92 97 1
92 163 1
92 195 1
92 228 1
92 274 1
92 329 1
92 384 1
92 428 1
92 446 1
92 577 1
92 585 1
92 755 1
92 770 1
92 904 1
92 914 1
92 1022 1
92 1149 1
92 1274 1
92 1287 1
93 469 1
93 827 1
93 896 1
93 961 1
93 968 1
96 165 1
96 176 1
96 211 1
96 543 1
97 122 1
97 185 1
97 195 1
97 211 1
97 222 1
97 274 1
97 321 1
97 446 1
97 499 1
97 585 2
97 682 1
97 695 1
97 770 2
97 804 1
97 821 1
97 894 1
97 914 2
97 970 1
97 975 1
97 990 1
97 1022 1
97 1217 1
98 107 1
98 161 1
98 192 1
98 241 1
98 244 1
98 261 1
98 356 1
98 1082 1
98 1280 1
99 249 1
99 755 1
99 936 1
99 974 1
100 232 1
100 612 2
100 643 1
100 998 1
101 214 1
101 225 1
101 249 2
101 259 1
101 262 1
101 264 1
101 326 1
101 344 1
101 359 1
101 373 1
101 393 1
101 397 1
101 410 2
101 417 1
101 421 2
101 426 1
101 430 1
101 465 1
101 476 1
101 478 2
101 487 1
101 517 1
101 531 1
101 549 1
101 568 2
101 588 1
101 619 2
101 620 1
101 717 1
101 724 1
101 765 1
101 770 1
101 778 1
101 785 1
101 789 2
101 795 1
101 796 1
101 800 1
101 814 1
101 825 1
101 858 1
101 873 1
101 874 2
101 880 2
101 883 2
101 884 1
101 886 1
101 898 1
101 905 1
101 910 2
101 911 1
101 916 2
101 917 1
101 920 1
101 923 2
101 928 1
101 931 1
101 938 2
101 945 1
101 947 1
101 953 1
101 960 1
101 962 1
101 968 1
101 969 1
101 972 1
101 973 1
101 976 1
101 978 1
101 979 2
101 983 1
101 984 1
101 986 1
101 992 1
101 996 1
101 999 1
101 1077 1
101 1108 2
101 1204 1
101 1254 1
101 1266 1
102 187 2
102 323 1
102 420 1
102 459 3
102 540 1
102 750 1
102 862 1
103 255 1
103 457 1
103 532 2
103 553 1
103 554 1
105 398 1
105 1154 1
106 144 1
106 157 1
106 175 1
106 187 1
106 240 1
106 250 1
106 274 1
106 276 1
106 292 1
106 298 1
106 314 1
106 324 1
106 333 1
106 355 1
106 392 1
106 398 2
106 416 2
106 418 1
106 442 2
106 453 2
106 476 1
106 505 1
106 546 1
106 558 1
106 604 1
106 624 1
106 676 1
106 679 1
106 725 2
106 736 1
106 758 2
106 777 2
106 779 2
106 783 1
106 842 1
106 879 1
106 900 1
106 903 1
106 915 1
106 939 1
106 964 2
106 1092 2
106 1232 1
106 1267 1
106 1272 1
107 144 1
107 150 1
107 192 1
107 194 1
107 256 1
107 259 1
107 320 1
107 323 1
107 338 1
107 356 1
107 399 1
107 438 1
107 642 1
107 645 1
107 711 1
107 720 1
109 185 1
109 211 1
109 222 1
109 465 2
109 642 1
109 695 1
109 780 1
109 921 1
109 975 1
109 990 1
110 112 1
110 115 1
110 124 1
110 715 1
111 324 1
112 115 1
112 715 1
113 393 1
113 449 1
113 592 1
113 810 1
113 894 1
113 924 1
113 930 1
113 1259 1
114 125 1
114 388 1
114 427 1
114 475 1
114 602 1
114 608 1
114 646 1
114 674 1
114 796 1
114 808 1
114 818 1
114 831 1
114 882 1
114 900 2
114 925 1
114 971 1
114 1044 2
114 1264 1
115 124 1
115 715 1
116 163 1
116 346 1
116 361 1
116 378 1
116 390 1
116 412 2
116 422 1
116 425 1
116 443 2
116 474 1
116 480 1
116 503 1
116 512 1
116 530 1
116 538 1
116 550 1
116 628 1
116 630 1
116 679 1
116 753 1
116 1310 1
117 231 1
117 352 1
117 376 1
117 398 1
117 488 1
117 789 1
117 854 1
117 926 1
117 965 1
117 1345 2
118 120 1
118 121 1
119 168 1
119 289 1
119 317 1
119 644 1
119 698 1
119 997 1
120 121 1
122 185 2
122 211 2
122 401 1
122 465 1
122 695 1
122 975 1
122 990 1
124 715 1
125 215 1
125 260 1
125 367 1
125 392 1
125 427 1
125 602 2
125 646 1
125 685 1
125 796 1
125 831 1
125 1048 1
125 1108 1
126 511 1
126 525 1
126 551 1
126 579 1
128 213 1
128 293 1
128 784 1
128 831 1
128 955 1
129 736 1
130 564 1
131 260 2
131 650 1
131 840 2
131 1089 1
131 1204 1
132 223 1
132 488 1
132 956 1
133 951 2
134 150 1
134 152 1
134 194 1
134 259 1
134 320 1
134 323 2
134 338 1
134 516 1
134 631 2
134 636 1
134 642 1
134 711 1
134 908 1
134 1076 1
134 1205 1
135 181 1
135 201 1
135 232 1
135 367 1
135 472 1
135 548 1
135 562 1
135 603 1
135 650 1
135 781 1
135 798 1
135 932 1
135 951 1
135 955 1
136 387 1
136 555 1
137 138 2
137 140 1
137 141 1
137 640 1
137 987 1
138 140 2
138 141 1
138 182 1
138 393 1
138 517 1
138 676 1
138 724 1
138 778 2
138 800 1
138 858 1
138 874 2
138 880 1
138 883 1
138 884 2
138 886 1
138 887 1
138 891 1
138 895 1
138 899 1
138 901 1
138 905 1
138 910 1
138 911 1
138 917 1
138 920 1
138 923 2
138 929 1
138 938 1
138 945 1
138 947 1
138 960 2
138 968 1
138 969 1
138 973 1
138 976 1
138 978 2
138 979 1
138 983 1
138 984 1
138 985 1
138 986 1
138 987 1
138 992 1
138 996 1
138 999 1
138 1254 1
139 149 1
139 185 1
139 275 1
139 280 1
139 319 1
139 330 2
139 347 1
139 386 1
139 420 1
139 440 1
139 467 1
139 527 2
139 682 1
139 776 2
139 828 1
139 919 1
139 924 2
139 1012 1
140 141 1
140 182 1
140 640 1
140 676 1
141 640 1
141 676 1
141 987 1
143 507 1
143 963 1
144 150 1
144 152 1
144 164 1
144 175 1
144 187 1
144 250 1
144 256 2
144 274 1
144 292 1
144 298 1
144 320 1
144 323 1
144 324 1
144 325 1
144 333 1
144 338 1
144 355 1
144 392 1
144 416 1
144 438 1
144 453 1
144 546 1
144 631 1
144 676 1
144 679 1
144 758 1
144 779 1
144 783 1
144 836 1
144 881 1
144 903 1
144 939 1
144 994 1
144 1076 1
144 1092 1
144 1205 1
144 1232 1
144 1272 1
146 210 1
146 211 1
146 244 1
146 912 2
148 380 1
148 435 1
148 865 1
148 989 1
149 185 1
149 195 1
149 280 1
149 298 1
149 317 1
149 319 1
149 330 1
149 347 1
149 420 1
149 437 1
149 440 1
149 467 1
149 527 1
149 543 1
149 551 1
149 776 1
149 779 1
149 919 1
149 924 1
149 1040 1
149 1064 1
149 1191 1
149 1291 1
150 256 1
150 259 1
150 311 1
150 320 1
150 323 1
150 399 1
150 438 1
150 631 1
150 642 1
150 711 1
150 908 1
150 1076 1
150 1088 1
151 262 1
151 326 1
151 359 1
151 397 1
151 417 1
151 426 1
151 476 1
151 485 2
151 487 1
151 531 2
151 619 2
151 762 1
151 873 1
151 928 2
151 942 1
151 1108 2
151 1268 1
151 1354 1
152 259 1
152 320 1
152 323 1
152 338 1
152 438 1
152 516 1
152 636 1
152 642 1
152 711 1
152 908 1
152 1076 1
152 1205 1
153 194 1
153 247 1
153 326 1
153 333 1
153 352 1
153 379 1
153 395 1
153 481 1
153 519 1
153 651 1
153 673 1
153 724 1
153 733 1
153 746 2
153 832 1
153 927 1
153 941 2
153 950 1
153 1137 1
153 1327 1
156 197 1
156 484 1
157 276 1
157 325 1
157 518 1
157 900 1
158 162 1
158 167 1
159 162 1
159 167 1
159 178 1
159 396 1
160 662 1
160 677 1
160 745 1
160 770 2
160 842 1
160 845 1
160 940 1
160 957 1
160 1027 1
160 1292 1
161 172 1
161 192 1
161 197 1
161 209 1
161 222 1
161 272 1
161 386 1
161 645 1
161 660 1
161 720 1
161 861 1
161 1082 1
161 1280 1
162 167 1
162 178 1
162 440 1
162 604 1
162 607 1
162 722 1
162 799 1
162 1078 1
162 1091 1
162 1244 1
162 1315 1
163 195 2
163 274 1
163 336 1
163 337 1
163 361 1
163 577 2
163 625 1
163 630 1
163 682 1
163 808 2
163 821 1
163 914 1
163 1022 1
163 1149 1
163 1217 2
164 175 2
164 187 1
164 250 2
164 274 2
164 292 1
164 298 1
164 314 1
164 323 2
164 324 1
164 325 1
164 333 1
164 344 2
164 392 1
164 396 1
164 416 1
164 442 1
164 453 1
164 481 1
164 486 2
164 498 1
164 537 1
164 558 1
164 577 1
164 604 1
164 673 1
164 725 1
164 733 1
164 758 1
164 779 1
164 836 1
164 881 1
164 915 1
164 968 2
164 994 1
164 1092 1
164 1272 1
164 1327 1
165 176 1
165 211 1
165 308 1
165 380 1
165 394 1
165 543 1
165 661 2
165 697 1
165 795 1
165 934 1
165 987 1
165 989 1
165 1019 1
165 1111 1
167 309 1
167 396 2
167 508 1
167 760 1
168 289 1
168 317 1
168 698 1
168 997 1
169 210 1
169 765 2
169 837 1
170 204 2
170 375 1
170 752 1
171 187 1
172 197 1
172 209 1
172 222 1
172 548 1
172 660 1
172 734 1
172 861 1
172 943 1
173 205 2
173 251 1
173 291 1
173 454 1
173 477 1
173 483 1
173 604 1
173 817 1
173 946 1
175 213 1
175 250 1
175 274 2
175 292 1
175 298 1
175 314 2
175 323 2
175 324 1
175 325 1
175 333 1
175 363 1
175 392 1
175 396 1
175 416 1
175 453 1
175 498 1
175 546 1
175 590 1
175 604 1
175 676 1
175 693 2
175 725 1
175 736 2
175 747 1
175 758 1
175 783 1
175 831 1
175 842 1
175 903 1
175 904 1
175 915 1
175 939 1
175 955 1
175 994 2
175 1092 1
175 1232 2
175 1272 1
176 211 1
176 308 1
176 466 1
176 476 1
176 543 1
176 678 1
176 699 1
176 839 1
176 970 1
176 1121 1
177 944 2
179 189 1
180 497 1
180 571 1
180 875 2
181 367 1
181 472 1
181 541 1
181 562 1
181 736 1
181 781 2
181 798 1
181 914 1
181 932 1
181 951 1
182 640 1
182 676 1
183 190 2
183 487 1
183 709 2
183 781 1
184 199 1
184 300 1
184 308 1
184 732 1
184 743 1
184 817 1
185 195 3
185 222 1
185 319 1
185 321 1
185 330 2
185 347 1
185 386 1
185 401 1
185 420 1
185 527 2
185 551 1
185 695 1
185 780 2
185 828 2
185 894 1
185 919 1
185 921 1
185 924 1
185 990 1
185 1040 1
185 1291 1
186 209 1
186 248 1
186 326 1
186 357 1
186 402 1
186 822 1
186 835 2
187 250 1
187 274 1
187 292 1
187 298 1
187 314 1
187 323 1
187 355 1
187 392 1
187 396 2
187 416 1
187 442 1
187 453 1
187 498 1
187 558 2
187 604 1
187 676 1
187 679 1
187 736 1
187 758 2
187 779 1
187 783 1
187 836 1
187 862 1
187 881 1
187 915 1
187 939 1
187 994 1
187 1272 1
188 439 1
188 688 1
188 779 1
188 859 1
188 907 2
188 993 1
188 1147 1
189 267 1
189 297 1
189 360 1
189 977 1
189 1308 1
190 709 1
190 776 1
192 356 1
192 1082 1
192 1280 2
193 202 1
193 206 1
193 1222 1
194 256 1
194 259 1
194 269 1
194 320 2
194 323 2
194 333 1
194 354 1
194 399 1
194 404 1
194 473 1
194 489 1
194 516 1
194 636 1
194 642 1
194 711 1
194 724 1
194 746 1
194 832 1
194 855 1
194 908 2
194 924 1
194 941 1
194 1076 1
194 1137 1
194 1205 1
195 274 1
195 317 1
195 319 2
195 321 1
195 323 3
195 330 2
195 347 1
195 386 1
195 414 2
195 420 2
195 437 1
195 446 1
195 449 2
195 527 2
195 551 1
195 577 1
195 585 1
195 595 1
195 703 2
195 770 1
195 776 1
195 821 2
195 869 2
195 914 1
195 919 1
195 924 1
195 970 1
195 994 1
195 1022 2
195 1040 1
195 1149 1
196 610 1
197 209 1
197 484 1
197 548 1
197 734 1
197 861 1
197 904 1
198 202 1
198 206 1
199 205 1
199 210 1
199 308 1
199 349 1
199 391 1
199 394 1
199 546 1
199 706 1
199 712 1
199 730 2
199 743 1
199 755 1
199 779 1
199 817 1
199 913 1
199 1155 1
200 247 1
200 352 1
200 769 1
200 927 1
200 971 1
201 232 1
201 547 1
202 1222 1
203 300 1
203 320 1
203 532 1
203 868 1
203 870 1
203 987 1
204 375 1
204 394 1
204 752 1
204 846 1
204 894 1
205 210 1
205 251 1
205 291 2
205 313 1
205 315 2
205 349 1
205 353 1
205 391 1
205 392 1
205 397 2
205 454 1
205 464 1
205 477 1
205 483 1
205 577 1
205 604 2
205 671 1
205 706 1
205 712 1
205 755 2
205 817 1
205 823 1
205 840 1
205 867 1
205 946 2
205 993 1
205 1008 1
205 1317 1
206 1222 2
208 245 1
208 668 1
208 863 2
209 248 1
209 285 1
209 310 1
209 321 1
209 357 1
209 380 1
209 402 1
209 434 2
209 435 1
209 457 2
209 462 1
209 475 1
209 481 1
209 506 1
209 548 2
209 660 1
209 727 1
209 734 1
209 742 1
209 817 1
209 835 1
209 861 1
209 943 1
209 948 1
209 966 2
209 978 1
209 1007 1
209 1086 2
209 1299 1
210 211 1
210 276 1
210 310 1
210 349 1
210 353 1
210 377 1
210 391 1
210 515 1
210 546 1
210 706 1
210 755 2
210 823 1
210 828 2
210 837 1
210 912 1
210 918 1
211 465 1
211 499 1
211 543 1
211 695 1
211 745 1
211 780 1
211 894 1
211 912 1
211 934 1
211 990 1
212 397 2
213 955 1
214 346 1
214 465 1
214 568 1
214 765 1
214 789 1
214 889 1
214 935 1
214 1279 1
215 249 1
215 294 2
215 367 1
215 618 2
215 685 1
215 762 2
215 801 1
215 826 2
215 842 1
215 852 1
215 867 1
215 883 1
215 894 1
215 956 1
215 1133 1
217 817 1
217 1086 1
220 394 1
220 913 1
221 224 1
221 233 1
221 235 2
221 238 1
221 239 1
221 753 1
222 465 1
222 548 1
222 642 1
222 660 1
222 695 1
222 894 2
222 921 1
222 935 2
222 975 1
222 1346 1
223 488 1
223 650 1
223 1282 1
224 233 1
224 235 1
224 238 1
224 239 1
224 248 1
224 437 1
224 449 1
224 791 1
224 1126 1
225 344 1
225 346 1
225 373 1
225 421 1
225 430 1
225 575 1
225 620 1
225 814 1
225 849 1
225 898 1
225 1266 1
228 233 1
228 235 1
228 238 1
228 239 1
228 1102 1
229 434 1
229 507 1
229 573 1
229 689 1
229 944 1
229 987 1
230 237 1
230 332 1
230 396 1
230 491 1
230 524 2
230 644 1
230 697 1
230 790 1
230 890 1
230 893 1
230 908 1
230 917 1
231 517 1
231 926 1
231 965 1
232 253 1
232 338 1
232 436 2
232 487 1
232 510 1
232 519 1
232 550 1
232 612 1
232 643 1
232 658 1
232 819 1
232 841 1
232 998 1
232 1350 1
232 1351 1
233 235 1
233 238 2
234 602 1
234 801 2
234 959 1
234 977 1
234 1311 1
235 238 2
235 369 2
235 684 1
235 753 1
235 803 1
235 875 2
235 1061 1
235 1102 2
235 1107 1
236 696 1
236 734 1
236 764 1
236 771 1
236 813 1
236 925 1
236 949 1
236 962 1
236 1137 1
237 396 1
238 512 1
238 612 1
238 753 1
238 1102 1
238 1266 1
239 1102 1
240 367 1
240 376 1
240 398 1
240 476 1
240 497 1
240 599 1
240 777 1
240 792 1
240 844 1
240 849 1
240 852 1
240 870 1
240 879 1
240 964 1
241 258 1
241 261 1
242 954 2
242 995 2
243 393 1
243 418 1
243 622 1
243 757 1
243 826 1
243 845 1
243 977 1
243 1290 1
244 253 1
244 912 1
245 290 1
245 340 1
245 413 2
245 635 1
245 668 3
245 723 1
245 792 1
245 813 1
245 822 1
245 863 1
245 1057 1
247 769 1
247 971 1
248 326 1
248 380 1
248 402 1
248 437 2
248 449 1
248 583 1
248 725 1
248 791 1
248 948 1
249 259 1
249 262 1
249 264 1
249 294 2
249 326 1
249 357 1
249 359 1
249 397 2
249 426 1
249 476 1
249 478 1
249 485 1
249 487 1
249 531 2
249 568 2
249 618 1
249 717 1
249 762 1
249 770 1
249 785 1
249 795 1
249 825 1
249 873 1
249 936 1
249 942 1
249 962 2
249 1108 1
250 292 1
250 298 1
250 314 1
250 323 1
250 324 1
250 325 1
250 396 1
250 416 1
250 442 1
250 507 1
250 546 1
250 676 1
250 725 1
250 736 1
250 747 1
250 758 1
250 779 1
250 783 1
250 881 1
250 903 1
250 915 1
250 939 1
250 963 1
250 994 1
250 1092 1
250 1232 2
250 1272 2
251 291 1
251 454 1
251 483 1
251 670 1
251 671 1
251 946 1
251 1317 1
252 449 1
253 258 1
253 261 1
253 487 1
253 550 1
253 658 1
253 1178 1
253 1296 1
254 386 1
255 360 1
255 429 1
255 553 1
255 554 1
255 703 1
255 727 1
255 746 2
255 814 1
255 955 2
255 1165 1
256 266 1
256 320 2
256 338 1
256 362 1
256 399 1
256 438 1
256 516 1
256 590 1
256 631 1
256 642 1
256 711 1
256 725 1
256 1076 2
256 1205 1
256 1308 1
257 434 1
257 442 1
257 457 1
257 742 1
257 978 2
257 981 1
257 1007 2
257 1299 1
258 261 1
259 262 1
259 285 1
259 310 1
259 320 1
259 338 1
259 357 1
259 359 1
259 397 1
259 399 1
259 417 1
259 426 1
259 434 1
259 442 1
259 457 1
259 476 2
259 485 1
259 487 1
259 531 1
259 568 1
259 607 1
259 619 1
259 636 1
259 642 1
259 717 1
259 727 1
259 742 1
259 813 1
259 873 1
259 908 1
259 928 1
259 942 1
259 962 1
259 966 1
259 981 1
259 1007 1
259 1076 1
259 1108 1
259 1205 1
259 1268 1
259 1299 1
259 1354 1
260 375 1
260 585 1
260 602 1
260 646 1
260 650 1
260 808 2
260 831 1
260 900 2
260 971 1
260 1089 1
260 1108 2
260 1157 2
260 1204 3
260 1282 2
262 264 1
262 326 1
262 357 2
262 359 2
262 397 1
262 426 1
262 476 1
262 478 1
262 487 1
262 531 2
262 568 1
262 590 1
262 619 2
262 693 2
262 717 1
262 762 1
262 770 1
262 785 1
262 813 1
262 825 2
262 928 1
262 942 1
262 1108 2
262 1268 1
262 1354 1
264 326 1
264 357 1
264 359 1
264 485 1
264 487 1
264 531 1
264 568 1
264 770 1
264 785 1
264 795 1
264 822 1
264 825 1
264 873 1
264 942 1
264 962 1
264 1354 1
265 465 1
265 631 1
265 637 1
265 690 1
265 698 1
266 338 1
267 297 1
267 360 1
267 977 1
268 270 1
268 273 1
268 278 1
268 280 1
268 655 1
268 819 1
269 326 1
269 333 1
269 404 1
269 724 1
269 746 1
269 832 1
269 855 1
269 924 2
270 272 1
270 278 1
270 507 1
270 655 2
270 816 1
270 819 2
270 829 1
270 896 2
270 961 2
271 286 1
271 531 1
271 579 1
271 583 1
271 780 1
271 802 1
273 278 1
273 280 1
273 655 1
273 805 2
273 816 1
273 847 2
274 292 1
274 298 1
274 323 2
274 333 2
274 355 1
274 396 1
274 442 1
274 446 1
274 546 1
274 558 1
274 577 1
274 585 1
274 604 1
274 676 1
274 708 1
274 725 1
274 736 2
274 747 1
274 758 1
274 783 1
274 821 1
274 842 1
274 903 1
274 904 1
274 914 1
274 915 1
274 939 1
274 994 1
274 1022 1
274 1149 1
274 1232 1
274 1289 1
275 319 1
275 321 1
275 330 1
275 386 1
275 420 1
275 437 1
275 527 1
275 551 1
275 776 1
275 828 1
275 919 1
275 924 1
275 1040 1
275 1291 1
276 325 2
276 624 1
276 765 1
276 837 1
277 1289 1
278 280 1
278 655 1
278 816 1
278 819 1
279 439 1
279 557 1
279 626 1
279 688 1
279 779 1
279 796 1
279 862 1
279 907 1
279 959 1
279 993 1
279 1147 1
280 298 1
280 440 1
280 467 1
280 543 1
280 731 1
280 816 1
280 819 1
280 829 1
280 1012 1
280 1064 2
280 1191 1
281 810 1
282 844 1
282 1222 1
283 319 1
283 405 1
283 475 1
284 288 1
284 294 1
284 301 1
284 302 1
284 304 1
285 288 2
285 301 2
285 302 1
285 303 1
285 304 1
285 310 1
285 434 2
285 457 2
285 462 1
285 481 1
285 607 1
285 727 1
285 742 1
285 904 1
285 936 2
285 966 2
285 978 1
285 981 2
285 1007 2
285 1299 1
286 531 1
286 579 1
286 780 1
286 802 1
286 951 2
287 317 1
287 582 1
288 294 1
288 301 2
288 302 2
288 303 2
288 304 1
288 904 1
289 997 2
291 315 2
291 397 1
291 454 1
291 477 1
291 483 1
291 671 1
291 817 1
291 993 1
292 298 1
292 314 1
292 325 1
292 333 1
292 355 1
292 396 1
292 442 1
292 498 1
292 546 1
292 558 1
292 604 1
292 676 1
292 679 1
292 725 1
292 736 1
292 758 1
292 779 1
292 783 1
292 836 1
292 842 1
292 903 1
292 915 1
292 939 1
292 1092 1
292 1232 1
292 1272 1
293 363 1
293 394 1
293 414 1
293 415 2
293 462 1
293 608 2
293 626 1
293 661 2
293 697 1
293 757 1
293 795 1
293 807 1
293 831 1
293 945 1
293 953 1
293 997 1
293 1013 1
293 1019 1
293 1064 1
293 1111 1
294 302 1
294 303 1
294 304 1
294 762 1
294 826 1
294 867 1
294 904 1
294 1133 2
295 608 1
295 651 1
295 688 1
295 965 1
297 360 1
298 323 2
298 324 1
298 325 1
298 333 1
298 392 1
298 396 2
298 416 1
298 442 1
298 471 1
298 543 1
298 546 1
298 558 2
298 576 2
298 604 1
298 622 1
298 643 1
298 676 1
298 736 1
298 747 1
298 783 1
298 836 1
298 873 1
298 915 1
298 939 1
298 971 1
298 994 1
298 1012 2
298 1064 2
298 1191 1
298 1272 2
299 718 1
300 308 1
300 532 1
300 712 1
300 732 1
300 749 1
300 817 1
300 868 1
300 1155 1
301 302 1
301 303 2
301 304 1
301 378 1
301 421 1
301 644 1
301 816 1
301 830 1
301 890 1
301 893 1
301 904 1
301 1352 1
302 303 1
302 304 1
302 904 1
303 304 1
303 1023 1
303 1107 1
303 1185 1
303 1270 1
305 322 1
306 622 1
306 749 1
306 845 1
306 869 1
306 977 1
306 1017 2
306 1191 1
306 1290 1
307 469 1
307 507 1
307 896 1
307 961 1
307 968 1
308 355 2
308 417 1
308 543 1
308 704 1
308 712 1
308 743 1
308 817 1
308 934 1
308 1155 1
309 508 4
309 627 2
309 689 1
309 760 1
309 864 1
310 377 1
310 434 1
310 442 1
310 457 1
310 462 1
310 481 1
310 742 1
310 744 1
310 978 1
310 981 1
310 1007 1
310 1299 1
311 436 2
311 485 1
311 493 1
311 589 1
311 591 1
311 1088 1
312 341 2
312 470 1
312 504 1
312 548 1
312 632 2
312 794 1
312 950 1
313 353 1
313 546 2
313 706 1
313 714 1
313 797 1
313 817 1
314 323 1
314 324 1
314 333 2
314 355 2
314 392 1
314 396 1
314 414 2
314 416 1
314 441 1
314 442 2
314 453 1
314 498 2
314 546 1
314 558 1
314 604 1
314 676 1
314 679 1
314 725 1
314 736 2
314 758 1
314 779 1
314 783 1
314 836 1
314 842 1
314 864 1
314 915 1
314 939 1
314 994 1
314 1232 1
314 1272 1
315 397 1
315 477 1
315 483 1
315 604 2
315 670 2
315 817 2
315 946 1
315 993 1
315 1317 1
316 647 1
317 319 1
317 321 2
317 330 1
317 347 1
317 362 1
317 386 1
317 414 1
317 420 1
317 437 2
317 508 1
317 527 2
317 561 1
317 582 1
317 618 1
317 698 2
317 919 1
317 924 1
317 985 1
317 997 2
317 1040 1
318 322 1
318 367 1
318 445 1
318 669 1
318 1180 1
318 1280 2
319 321 1
319 330 1
319 342 1
319 386 1
319 420 1
319 437 2
319 475 1
319 527 2
319 529 1
319 656 1
319 703 1
319 745 1
319 776 1
319 816 2
319 828 1
319 924 2
319 1040 1
319 1124 1
319 1291 1
320 323 1
320 338 1
320 516 1
320 631 2
320 642 2
320 698 2
320 711 1
320 749 2
320 868 1
320 870 1
320 908 1
320 987 1
320 1076 1
321 326 2
321 330 2
321 357 1
321 358 1
321 380 1
321 392 1
321 437 1
321 444 1
321 463 1
321 499 1
321 527 1
321 551 2
321 657 1
321 679 1
321 703 1
321 754 1
321 776 1
321 804 1
321 822 1
321 835 1
321 848 1
321 919 1
321 924 1
321 941 2
323 324 1
323 325 1
323 338 1
323 355 1
323 392 1
323 396 3
323 416 1
323 438 1
323 442 1
323 498 1
323 516 1
323 546 1
323 558 1
323 604 1
323 631 1
323 636 1
323 642 1
323 711 1
323 725 1
323 736 2
323 758 1
323 779 1
323 783 1
323 836 1
323 842 1
323 903 1
323 908 1
323 939 1
323 994 1
323 1076 1
323 1092 1
323 1272 1
324 333 1
324 355 1
324 392 1
324 416 1
324 442 1
324 498 1
324 546 1
324 558 2
324 604 1
324 679 1
324 725 1
324 736 1
324 747 1
324 758 1
324 779 1
324 881 1
324 903 1
324 915 2
324 939 2
324 994 1
324 1232 1
325 396 2
325 416 1
325 442 1
325 498 1
325 518 1
325 546 1
325 558 1
325 604 1
325 624 1
325 725 1
325 736 1
325 758 1
325 836 2
325 881 1
325 900 1
325 994 1
325 1092 1
325 1232 1
325 1272 1
326 357 1
326 359 1
326 380 1
326 397 1
326 417 1
326 426 1
326 478 1
326 487 1
326 519 1
326 531 1
326 717 1
326 724 1
326 762 1
326 770 1
326 785 1
326 796 1
326 813 1
326 822 1
326 825 1
326 835 1
326 894 1
326 924 2
326 928 1
326 941 1
326 942 1
326 948 1
326 962 1
326 1108 1
326 1137 1
327 328 1
327 369 1
327 944 1
328 369 1
328 628 1
328 944 1
329 428 1
329 547 1
329 574 1
329 669 1
329 704 1
329 814 1
329 823 1
329 845 1
329 1287 2
330 378 1
330 420 1
330 446 1
330 615 1
330 701 2
330 703 1
330 707 1
330 708 1
330 720 1
330 721 1
330 722 1
330 728 1
330 729 1
330 731 1
330 735 1
330 737 1
330 753 1
330 760 1
330 761 1
330 763 2
330 766 1
330 772 1
330 774 2
330 776 1
330 778 1
330 826 1
330 828 1
330 919 1
330 924 1
330 956 1
330 1040 1
330 1291 1
331 337 1
331 770 1
332 377 2
332 409 1
332 491 2
332 524 2
332 727 1
332 790 1
333 355 1
333 392 1
333 396 1
333 416 1
333 442 1
333 498 2
333 558 1
333 604 1
333 724 1
333 725 1
333 736 1
333 746 1
333 779 1
333 783 1
333 832 1
333 836 1
333 842 1
333 903 1
333 924 1
333 939 1
333 941 1
333 1092 1
333 1137 1
333 1232 1
333 1272 1
334 696 1
334 764 1
334 771 2
334 813 1
334 925 1
334 962 1
334 1073 1
334 1137 1
335 738 1
335 909 2
336 337 1
336 770 1
336 808 1
338 399 1
338 436 1
338 516 1
338 550 2
338 631 1
338 642 1
338 658 1
338 711 1
338 819 1
338 822 1
338 841 1
338 1076 2
338 1107 1
338 1178 1
338 1270 1
338 1315 1
339 445 1
339 709 1
339 902 1
340 350 1
340 354 1
340 413 2
340 423 1
340 608 1
340 635 1
340 643 1
340 651 1
340 688 1
340 723 1
340 756 1
340 792 2
340 822 1
341 470 1
341 527 1
341 794 1
341 906 1
341 950 1
341 997 1
342 405 1
342 633 1
343 648 1
343 658 1
344 346 1
344 355 2
344 379 1
344 410 2
344 486 1
344 537 1
344 577 1
344 664 1
344 668 2
344 713 2
344 733 2
344 814 1
344 849 1
344 898 1
344 968 1
344 1266 2
345 414 1
345 441 1
345 806 2
345 864 2
345 942 1
346 378 1
346 390 1
346 410 1
346 412 1
346 421 1
346 422 1
346 425 1
346 430 1
346 451 1
346 474 1
346 477 1
346 491 1
346 496 1
346 503 2
346 530 1
346 533 1
346 542 1
346 544 1
346 628 1
346 643 1
346 679 1
346 814 1
346 845 1
346 898 1
346 1266 1
346 1289 1
346 1310 1
347 420 1
347 437 1
347 551 1
347 703 1
347 776 1
347 919 2
347 954 1
347 995 1
347 1040 1
348 754 1
348 1221 1
349 353 1
349 360 1
349 391 1
349 420 1
349 483 1
349 505 1
349 546 1
349 755 2
349 788 1
349 817 2
349 823 1
349 869 2
349 918 1
349 954 1
350 351 1
350 354 1
350 756 1
351 354 1
351 756 1
352 398 1
352 769 1
353 384 1
353 534 1
353 706 2
353 755 1
353 817 1
353 823 1
353 866 1
353 918 1
354 473 1
354 667 1
355 392 1
355 442 1
355 481 1
355 486 2
355 537 2
355 546 1
355 604 2
355 651 1
355 673 1
355 679 1
355 704 1
355 736 2
355 747 2
355 758 1
355 779 1
355 836 1
355 842 1
355 881 1
355 915 1
355 939 1
355 950 1
355 994 1
355 1232 1
356 365 1
356 371 1
356 645 1
356 720 1
356 1280 1
357 359 1
357 380 1
357 397 1
357 402 1
357 426 1
357 476 1
357 485 1
357 487 1
357 568 1
357 619 1
357 717 1
357 762 1
357 770 2
357 785 1
357 795 1
357 822 2
357 825 1
357 835 1
357 873 1
357 928 1
357 942 1
357 962 1
357 1354 1
358 392 1
358 454 1
358 499 2
358 745 2
358 770 1
358 804 1
358 826 2
359 397 1
359 417 1
359 476 1
359 478 1
359 487 1
359 531 1
359 568 1
359 619 1
359 717 1
359 762 1
359 770 1
359 785 2
359 795 1
359 796 1
359 825 1
359 873 1
359 928 1
359 962 2
359 1108 1
359 1354 1
360 411 1
360 420 2
360 429 1
360 505 1
360 703 1
360 788 1
360 814 1
360 869 1
360 955 1
360 977 1
361 625 1
361 630 1
362 376 1
362 508 3
362 599 1
362 792 1
362 794 1
362 985 1
363 590 1
363 693 2
363 904 1
364 409 1
364 634 2
365 371 1
366 397 1
366 418 2
366 476 2
366 497 1
366 505 1
366 777 1
366 828 1
366 844 1
366 849 1
366 852 2
366 879 2
367 445 1
367 472 1
367 541 1
367 548 1
367 650 1
367 669 1
367 781 1
367 792 1
367 798 1
367 842 1
367 894 2
367 914 1
367 955 1
367 956 1
367 1280 1
368 886 1
368 1161 1
368 1311 1
369 447 1
369 628 1
369 684 1
369 875 1
369 944 1
369 1107 1
370 437 1
370 730 1
373 410 1
373 421 1
373 430 1
373 575 1
373 620 1
373 668 1
373 814 1
373 849 1
373 898 1
375 392 1
375 585 2
375 646 1
375 669 1
375 831 1
375 882 1
375 900 1
375 1108 1
375 1157 1
376 387 1
376 398 1
376 513 1
376 541 1
376 571 1
376 599 2
376 789 1
376 920 1
376 955 1
377 387 1
377 650 1
377 744 1
378 412 2
378 421 1
378 443 1
378 474 1
378 480 1
378 502 1
378 503 2
378 530 1
378 533 1
378 538 1
378 542 1
378 549 1
378 550 1
378 628 1
378 668 1
378 679 1
378 697 1
378 701 1
378 708 1
378 716 1
378 719 1
378 720 1
378 721 1
378 722 1
378 729 1
378 731 1
378 747 1
378 751 1
378 753 1
378 761 1
378 763 1
378 778 1
378 816 1
378 890 1
378 893 1
378 956 1
378 1310 1
379 481 1
379 537 1
379 577 1
379 651 1
379 673 1
379 950 1
379 968 1
379 1327 1
380 402 2
380 630 1
380 822 1
380 835 1
380 989 1
384 525 1
384 755 1
384 866 1
386 420 1
386 527 1
386 551 1
386 776 1
386 828 1
386 919 2
386 924 2
386 1014 1
386 1040 1
386 1291 1
387 555 1
387 650 1
387 955 1
388 452 1
388 557 1
388 608 1
388 674 1
388 818 1
388 925 1
388 971 1
388 1044 2
390 412 1
390 422 1
390 443 1
390 451 1
390 474 1
390 480 1
390 491 1
390 496 1
390 502 1
390 503 1
390 512 1
390 533 1
390 538 1
390 628 1
390 668 1
390 679 1
390 1289 1
391 706 1
391 755 1
391 817 1
391 823 1
391 918 1
392 427 1
392 453 1
392 464 1
392 527 1
392 546 1
392 577 1
392 585 1
392 602 1
392 604 1
392 646 1
392 669 1
392 676 1
392 679 1
392 725 1
392 736 1
392 747 1
392 758 1
392 770 1
392 783 1
392 796 1
392 808 1
392 836 1
392 881 1
392 900 1
392 903 1
392 971 2
392 994 2
392 1108 1
392 1232 1
392 1272 1
393 415 1
393 724 2
393 757 1
393 778 1
393 800 1
393 858 2
393 874 1
393 883 1
393 886 1
393 891 1
393 892 1
393 894 1
393 895 1
393 899 1
393 901 1
393 910 1
393 916 1
393 917 1
393 920 2
393 929 1
393 931 1
393 938 1
393 947 1
393 960 1
393 968 1
393 972 1
393 976 1
393 978 1
393 984 1
393 985 1
393 986 1
393 992 1
393 996 1
393 999 1
393 1204 1
393 1254 1
393 1353 1
394 571 2
394 661 1
394 697 1
394 765 1
394 780 1
394 787 1
394 795 1
394 846 1
394 913 1
394 945 1
394 987 1
394 997 1
394 1019 1
394 1111 2
395 600 1
396 416 1
396 442 1
396 465 2
396 546 1
396 558 2
396 604 1
396 631 1
396 637 1
396 679 1
396 690 1
396 736 1
396 747 1
396 758 1
396 783 1
396 842 1
396 881 1
396 915 2
396 958 1
396 994 1
396 1092 1
396 1232 1
396 1272 1
397 413 1
397 454 2
397 476 1
397 477 1
397 485 1
397 487 1
397 529 1
397 531 2
397 604 1
397 619 1
397 671 1
397 717 1
397 758 1
397 762 1
397 785 2
397 795 1
397 825 1
397 828 1
397 873 1
397 928 2
397 946 1
397 993 1
397 1008 1
397 1268 1
397 1317 2
397 1354 1
398 476 1
398 497 1
398 505 1
398 789 1
398 852 1
398 879 1
398 964 1
398 1267 1
399 508 1
399 516 1
399 642 1
399 710 1
399 711 1
399 836 2
399 908 2
399 1076 1
399 1205 1
401 465 1
401 642 1
401 695 1
401 780 1
401 894 2
401 921 1
401 975 1
402 822 1
404 519 1
404 724 1
404 746 1
404 855 1
404 924 1
404 941 1
404 1137 1
405 633 1
405 656 1
405 745 1
405 781 1
405 939 1
405 966 1
406 436 1
406 485 1
406 589 1
406 591 1
406 635 1
409 634 1
409 937 1
410 421 1
410 430 1
410 575 1
410 620 1
410 668 1
410 814 2
410 898 1
410 1266 1
411 429 1
411 746 1
411 955 1
412 422 1
412 425 1
412 443 1
412 474 1
412 480 1
412 491 1
412 496 1
412 503 1
412 512 1
412 530 1
412 533 1
412 538 1
412 544 2
412 549 1
412 550 1
412 628 1
412 1310 1
413 529 1
413 643 1
413 792 1
413 813 1
413 822 1
413 1057 1
414 441 1
414 462 1
414 595 1
414 608 2
414 618 1
414 679 2
414 807 2
414 864 1
414 869 1
414 1030 2
414 1291 1
415 418 2
415 757 1
416 442 1
416 453 1
416 498 1
416 546 1
416 558 1
416 676 1
416 725 1
416 736 1
416 779 1
416 783 1
416 836 1
416 881 1
416 903 1
416 915 1
416 1092 1
416 1272 1
417 478 1
417 485 1
417 507 1
417 568 1
417 712 1
417 717 2
417 732 1
417 743 1
417 762 1
417 795 1
417 796 1
417 805 1
417 817 1
417 825 1
417 873 1
417 885 1
417 928 1
417 942 1
417 962 1
417 1108 1
417 1268 1
417 1293 1
417 1354 1
418 476 1
418 497 1
418 505 1
418 757 1
418 777 1
418 849 1
418 852 1
418 870 1
418 879 1
418 964 2
418 1267 1
420 437 2
420 483 1
420 505 1
420 703 1
420 869 1
420 919 1
420 924 1
420 954 2
420 967 1
420 1040 1
420 1291 1
421 431 1
421 575 1
421 620 1
421 644 1
421 668 2
421 697 1
421 816 1
421 830 1
421 849 1
421 898 1
421 908 1
421 1352 2
422 425 1
422 443 1
422 474 1
422 491 1
422 496 1
422 503 1
422 512 1
422 530 1
422 538 1
422 668 1
422 1289 1
422 1310 2
423 635 1
423 643 1
423 813 1
423 822 1
423 1057 1
425 443 1
425 491 1
425 496 1
425 512 1
425 533 1
425 549 1
425 628 1
425 668 1
425 1310 1
426 476 1
426 485 1
426 487 1
426 531 1
426 568 1
426 619 1
426 717 1
426 762 1
426 785 1
426 795 1
426 796 1
426 813 1
426 825 1
426 942 1
426 962 1
426 1108 1
426 1268 1
426 1354 2
427 585 1
427 669 1
427 796 1
427 808 1
427 831 1
427 882 1
427 971 1
427 1108 1
428 574 1
428 755 1
428 1287 1
429 727 1
429 746 1
429 1165 1
430 575 1
430 620 1
430 668 1
430 849 1
430 898 1
430 1266 2
431 650 1
434 442 1
434 457 2
434 481 1
434 507 1
434 689 1
434 727 1
434 742 1
434 936 1
434 966 2
434 978 2
434 981 1
434 1007 1
434 1299 1
435 630 1
435 865 1
435 1086 1
436 485 2
436 487 1
436 510 1
436 589 1
436 635 2
436 676 1
436 819 1
436 841 1
436 1178 1
436 1287 1
436 1315 1
436 1350 1
436 1351 1
437 465 1
437 497 1
437 588 1
437 703 1
437 725 1
437 730 1
437 765 2
437 789 1
437 924 1
437 1126 2
437 1279 1
437 1291 1
438 482 1
438 516 1
438 631 1
438 636 1
438 656 1
438 683 2
438 703 1
438 711 1
438 733 1
438 842 1
438 898 1
438 908 2
438 1076 1
438 1128 1
438 1205 1
439 688 1
439 779 1
439 859 1
439 862 1
439 993 1
439 1147 2
440 598 1
440 604 1
440 607 1
440 622 1
440 693 1
440 722 1
440 731 1
440 1000 1
440 1012 2
440 1015 1
440 1064 1
440 1127 1
440 1191 2
440 1244 1
440 1311 1
440 1314 1
440 1315 1
442 453 1
442 457 1
442 546 1
442 604 1
442 607 1
442 676 1
442 679 1
442 725 1
442 727 1
442 736 1
442 742 1
442 779 1
442 783 1
442 836 1
442 842 1
442 881 1
442 915 1
442 939 2
442 966 1
442 994 1
442 1092 1
442 1232 1
442 1272 2
443 474 1
443 480 1
443 496 1
443 502 2
443 512 1
443 530 1
443 533 2
443 544 1
443 549 1
443 628 1
443 668 1
443 1289 1
443 1310 1
444 463 1
444 657 1
444 679 1
444 754 1
444 801 1
444 941 3
445 492 1
445 669 1
445 709 1
445 1180 1
446 577 1
446 585 1
446 615 1
446 682 1
446 821 1
446 904 1
446 914 1
446 970 1
446 994 1
446 1022 1
446 1149 1
446 1217 1
447 540 2
447 803 2
447 1061 1
447 1107 1
449 497 2
449 592 1
449 791 1
449 810 1
449 902 1
449 924 1
449 930 1
449 1259 1
451 474 1
451 491 1
451 496 1
451 502 1
451 503 1
451 512 1
451 530 1
451 542 1
451 544 1
451 550 2
451 628 1
451 668 1
451 679 1
451 1310 1
452 608 1
452 674 1
452 818 1
452 925 1
452 971 1
452 1044 2
452 1264 1
452 1355 1
453 558 1
453 604 1
453 676 1
453 725 1
453 747 1
453 779 1
453 783 1
453 836 1
453 842 1
453 881 1
453 903 1
453 915 2
453 939 1
453 994 1
453 1092 1
454 477 1
454 483 1
454 670 1
454 671 1
454 817 1
454 826 1
454 993 1
454 1008 1
454 1317 1
455 535 1
455 629 1
457 462 1
457 481 1
457 553 1
457 554 1
457 607 1
457 742 1
457 936 1
457 966 1
457 978 1
457 1007 2
457 1299 1
459 540 1
462 481 1
462 607 1
462 608 1
462 626 1
462 679 1
462 727 1
462 742 1
462 936 1
462 966 1
462 1007 1
462 1299 1
463 657 1
463 679 1
463 754 1
463 801 1
463 941 1
464 577 1
465 568 2
465 631 1
465 642 1
465 695 1
465 698 1
465 780 1
465 789 2
465 894 1
465 921 1
465 990 1
465 1279 1
466 536 1
466 846 1
466 970 1
467 543 1
467 622 1
467 731 1
467 779 1
467 1064 1
469 507 1
469 961 2
470 498 1
470 527 1
470 661 1
470 794 1
471 576 1
471 643 1
471 852 1
471 873 1
471 971 1
472 603 1
472 736 1
472 798 1
472 914 1
472 951 1
472 955 1
473 489 1
473 667 1
474 491 1
474 502 1
474 512 1
474 533 1
474 544 1
474 549 1
474 628 1
474 679 1
474 1289 1
475 608 2
475 633 1
475 656 1
475 674 1
475 817 1
475 818 1
475 925 1
475 971 1
475 1086 1
476 485 1
476 487 2
476 497 1
476 505 1
476 531 1
476 568 1
476 619 1
476 699 1
476 717 1
476 762 1
476 795 1
476 812 1
476 813 1
476 825 1
476 844 2
476 849 1
476 852 2
476 870 1
476 879 1
476 928 1
476 942 1
476 962 2
476 964 1
476 1267 1
476 1268 1
477 483 2
477 604 1
477 643 1
477 670 1
477 814 1
477 817 1
477 946 1
477 1317 1
478 487 1
478 531 1
478 568 1
478 575 2
478 619 2
478 717 1
478 785 1
478 796 1
478 813 1
478 822 1
478 825 1
478 873 1
478 928 1
478 942 1
478 1108 2
478 1268 1
478 1354 2
480 503 1
480 530 1
480 533 1
480 542 1
480 544 1
480 549 1
480 550 1
480 679 2
480 1310 1
481 510 1
481 537 1
481 577 1
481 607 1
481 619 1
481 651 1
481 673 1
481 733 1
481 742 1
481 877 1
481 966 2
481 968 1
481 978 1
481 981 2
481 1299 1
482 656 1
482 703 1
482 733 1
482 898 2
482 1128 1
483 505 1
483 604 1
483 671 1
483 736 1
483 788 1
483 814 1
483 817 1
483 869 1
483 946 1
483 954 1
483 993 1
483 1008 1
483 1317 1
484 904 1
484 927 2
484 1112 1
485 531 1
485 568 1
485 589 1
485 591 1
485 619 2
485 635 1
485 717 1
485 770 1
485 795 1
485 825 1
485 928 1
485 962 1
485 1108 1
485 1268 2
485 1354 1
486 537 1
486 577 1
486 651 1
486 673 1
486 733 1
486 950 1
486 1327 2
487 510 2
487 531 1
487 550 1
487 568 1
487 619 1
487 658 2
487 709 1
487 776 1
487 781 2
487 785 1
487 795 1
487 813 1
487 819 1
487 825 1
487 841 1
487 873 1
487 928 1
487 942 1
487 1108 2
487 1178 1
487 1296 1
487 1315 1
488 854 1
488 926 1
488 956 1
488 988 1
488 1345 2
491 496 2
491 502 1
491 503 1
491 524 2
491 533 1
491 538 1
491 542 2
491 550 2
491 628 1
491 668 1
491 679 1
491 790 1
491 917 1
492 576 1
492 643 1
492 709 1
492 851 1
492 971 2
493 1088 1
496 502 1
496 503 1
496 512 1
496 533 1
496 538 1
496 542 1
496 544 1
496 550 1
496 668 1
496 679 1
496 1289 1
497 505 1
497 571 1
497 725 2
497 791 1
497 844 1
497 849 1
497 852 1
497 870 1
497 875 1
497 935 1
497 964 1
497 1346 1
498 546 1
498 558 1
498 604 1
498 736 1
498 747 2
498 758 1
498 779 1
498 836 1
498 842 1
498 881 1
498 903 1
498 915 1
498 922 1
498 939 1
498 994 1
499 571 2
499 745 1
499 770 1
499 804 1
499 867 1
499 879 1
499 966 1
500 807 1
500 848 1
500 951 2
502 503 1
502 512 1
502 530 2
502 533 1
502 538 1
502 542 1
502 544 1
502 549 2
502 550 2
502 628 1
502 679 1
503 512 1
503 533 1
503 538 2
503 544 1
503 550 1
503 668 1
505 777 1
505 788 1
505 814 1
505 844 2
505 849 1
505 852 1
505 869 1
505 870 1
505 879 1
505 964 1
505 1267 1
506 747 1
507 529 1
507 573 2
507 689 1
507 739 1
507 805 1
507 885 1
507 896 2
507 961 1
507 963 1
507 968 1
508 561 2
508 627 1
508 656 1
508 706 1
508 710 1
508 760 1
508 794 1
508 864 1
508 985 1
510 525 1
510 551 2
510 619 1
510 658 1
510 819 1
510 841 1
510 1315 1
510 1350 1
510 1351 2
511 670 1
512 530 1
512 538 2
512 542 1
512 549 1
512 550 1
512 628 1
512 668 1
512 679 1
512 1266 1
512 1289 1
512 1310 1
513 894 1
513 920 1
515 583 1
515 641 1
515 765 1
515 837 1
516 631 1
516 642 1
516 711 1
516 1076 1
517 583 1
517 724 1
517 800 1
517 874 2
517 883 1
517 884 1
517 886 1
517 887 1
517 891 2
517 892 1
517 899 1
517 905 1
517 910 1
517 916 1
517 920 1
517 923 1
517 931 1
517 938 1
517 945 1
517 947 1
517 953 1
517 960 2
517 968 1
517 969 1
517 976 1
517 978 1
517 980 1
517 982 1
517 983 1
517 985 1
517 986 1
517 992 2
517 996 1
517 1077 1
517 1254 2
517 1353 1
518 624 1
519 724 1
519 746 1
519 855 1
519 941 1
519 1137 2
520 736 1
523 576 1
523 962 1
523 1178 1
524 599 1
524 683 1
524 694 1
524 695 2
524 696 1
524 700 1
524 790 1
524 933 2
525 551 1
525 579 1
525 872 1
527 551 1
527 577 1
527 703 1
527 924 1
527 950 1
527 1291 1
529 739 1
529 805 1
529 816 1
529 885 1
529 1124 1
529 1293 1
530 533 1
530 549 1
530 550 2
530 628 2
530 754 1
530 1289 1
531 535 1
531 568 1
531 579 2
531 583 1
531 619 1
531 717 2
531 762 2
531 770 1
531 780 1
531 785 1
531 795 1
531 796 1
531 802 1
531 813 1
531 825 2
531 873 1
531 938 1
531 962 1
531 1108 2
531 1127 1
531 1354 2
532 870 1
532 958 1
532 987 1
533 538 1
533 544 1
533 549 1
533 550 1
533 628 1
533 668 2
533 679 1
533 1289 2
533 1310 2
534 866 1
535 629 2
536 599 1
536 839 1
536 846 1
537 577 1
537 651 1
537 673 1
537 733 1
537 968 1
537 1327 1
538 549 1
538 550 1
538 628 1
538 668 1
538 679 1
538 1310 1
541 548 1
541 562 1
541 571 1
541 589 1
541 603 1
541 650 1
541 667 1
541 736 1
541 914 1
541 932 1
541 951 1
542 544 1
542 549 1
542 668 1
542 679 1
542 1310 1
543 622 1
543 731 1
543 779 2
543 934 1
543 1012 1
543 1064 1
544 550 1
544 628 1
544 668 1
544 1289 1
544 1310 1
546 604 1
546 676 1
546 706 1
546 725 1
546 736 1
546 747 1
546 755 1
546 758 1
546 779 2
546 783 1
546 817 1
546 836 1
546 842 1
546 881 1
546 903 1
546 918 1
546 1092 1
546 1232 2
546 1272 1
547 823 1
547 872 1
548 603 1
548 632 1
548 650 1
548 660 1
548 734 2
548 736 1
548 798 1
548 914 1
548 943 1
548 951 1
548 955 1
549 628 1
549 668 1
549 679 1
549 724 1
549 800 1
549 874 1
549 880 1
549 883 1
549 884 1
549 886 1
549 887 1
549 892 1
549 895 1
549 899 1
549 905 1
549 910 1
549 911 1
549 929 1
549 931 1
549 938 1
549 945 1
549 953 1
549 960 1
549 969 1
549 978 1
549 979 1
549 980 1
549 985 1
549 986 1
549 992 1
549 996 1
549 999 1
549 1077 1
549 1254 1
549 1289 1
549 1310 1
550 628 1
550 658 1
550 668 2
550 679 1
550 819 1
550 1178 2
550 1289 1
550 1310 1
550 1315 1
550 1350 1
551 776 1
551 924 1
551 1040 1
551 1291 2
553 814 1
556 567 1
556 570 1
556 572 1
556 578 1
557 767 1
557 796 1
557 906 3
557 959 1
557 1217 1
558 604 2
558 676 2
558 725 2
558 736 1
558 747 1
558 758 2
558 779 1
558 783 1
558 836 2
558 903 1
558 1232 1
558 1272 1
561 794 1
561 985 1
562 603 1
562 650 1
562 736 1
562 798 1
562 914 1
562 932 1
562 951 1
565 954 1
567 570 1
567 578 1
567 584 1
568 619 1
568 717 1
568 762 2
568 765 2
568 770 1
568 785 1
568 789 1
568 795 1
568 796 1
568 825 2
568 873 2
568 928 1
568 942 1
568 962 1
568 1268 1
568 1279 1
568 1354 1
569 837 1
569 962 1
570 578 2
570 584 1
571 765 2
571 780 1
571 787 1
571 867 1
571 875 1
571 879 1
571 955 1
572 584 1
572 1013 1
572 1064 2
574 755 1
575 668 2
575 814 2
575 849 1
575 898 1
575 1205 1
575 1266 1
576 643 1
576 851 1
576 852 1
576 873 2
576 962 1
576 971 1
577 651 1
577 673 1
577 682 1
577 733 1
577 770 1
577 904 1
577 950 1
577 968 1
577 970 1
577 994 1
577 1022 1
579 802 1
581 668 1
581 755 1
582 882 2
582 1248 1
583 641 1
583 802 1
583 827 1
585 602 1
585 646 1
585 682 1
585 770 1
585 796 1
585 808 1
585 821 1
585 882 1
585 914 1
585 970 1
585 987 1
585 1022 1
585 1108 1
585 1157 1
588 765 1
589 635 1
589 667 1
589 1197 1
590 593 1
590 600 1
590 609 1
590 613 1
590 617 1
590 638 1
590 640 1
590 649 1
590 654 2
590 657 1
590 693 1
590 1194 1
590 1308 1
592 744 1
592 924 1
592 930 2
592 1259 1
593 597 1
593 600 1
593 609 1
593 621 1
593 638 1
593 640 1
593 645 1
593 653 1
593 654 1
593 1060 1
593 1194 1
597 600 1
597 613 1
597 617 1
597 621 1
597 638 1
597 645 1
597 649 1
597 654 1
597 657 1
597 1060 1
599 683 1
599 792 1
599 839 1
599 846 1
599 933 1
599 970 1
600 609 1
600 617 1
600 621 1
600 638 1
600 640 1
600 645 1
600 653 1
600 654 1
600 657 1
600 1060 1
600 1194 1
602 646 1
602 786 1
602 796 1
602 830 1
602 831 1
602 900 1
602 971 1
602 977 1
602 1108 2
602 1157 1
602 1311 1
603 650 1
603 798 1
603 932 1
603 951 1
604 670 1
604 676 1
604 679 1
604 722 1
604 725 1
604 736 1
604 747 1
604 758 2
604 779 1
604 783 2
604 817 1
604 836 1
604 842 1
604 881 1
604 915 1
604 939 1
604 946 1
604 993 2
604 994 1
604 1008 1
604 1092 1
604 1127 1
604 1232 2
604 1244 1
604 1272 1
604 1311 1
604 1314 1
604 1317 1
607 722 1
607 936 1
607 966 1
607 978 1
607 1000 1
607 1007 1
607 1078 1
607 1091 1
607 1299 1
607 1314 1
608 626 2
608 651 1
608 688 1
608 788 1
608 807 2
608 925 1
608 965 1
608 971 1
608 1044 1
608 1100 1
608 1264 1
609 621 1
609 638 2
609 640 1
609 649 1
609 654 1
610 741 1
612 643 1
612 998 1
612 1266 1
613 617 1
613 621 1
613 638 1
613 640 1
613 649 1
613 653 1
613 654 1
613 1194 1
617 621 1
617 638 1
617 653 1
617 657 1
618 757 1
618 762 1
618 801 2
618 826 1
618 909 1
618 1133 2
619 717 1
619 762 1
619 770 2
619 785 1
619 796 1
619 813 1
619 825 1
619 877 1
619 928 1
619 942 1
619 962 1
619 1354 1
620 668 1
620 703 1
620 771 1
620 807 2
620 814 1
620 849 1
620 852 1
620 898 1
620 935 1
620 1094 2
620 1266 2
621 638 1
621 640 1
621 645 1
621 653 1
621 654 1
621 657 1
621 1060 1
622 779 1
622 826 1
622 845 1
622 869 2
622 977 1
622 1012 1
622 1064 1
622 1191 1
622 1290 1
623 974 1
624 900 1
624 906 1
625 630 1
626 679 1
626 796 1
626 807 2
626 959 1
626 1217 1
627 706 1
627 760 1
627 864 1
628 668 1
628 944 2
628 1310 1
629 820 1
630 753 1
631 636 1
631 642 1
631 690 1
631 698 1
631 711 1
631 958 1
631 1076 1
632 781 1
633 656 1
633 745 1
635 792 1
635 813 2
635 822 1
635 1057 1
636 642 1
636 711 1
636 1076 1
636 1100 1
636 1142 1
637 690 1
637 698 1
637 958 1
638 640 1
638 645 1
638 653 1
638 654 1
638 657 1
638 1060 1
638 1194 1
640 645 1
640 649 1
640 653 1
640 654 1
640 676 1
640 987 1
640 1060 1
642 695 1
642 711 1
642 780 1
642 908 1
642 921 1
642 975 1
642 990 1
643 792 1
643 814 1
643 822 2
643 845 1
643 851 1
643 852 1
643 873 1
643 971 1
643 998 1
644 816 1
644 830 1
644 908 1
644 1352 1
645 649 1
645 653 1
645 657 1
645 720 1
645 1280 1
646 669 1
646 796 1
646 831 1
646 882 1
646 971 1
646 1108 1
648 658 1
649 654 1
649 1194 1
650 736 1
650 840 1
650 914 1
650 951 2
650 955 1
650 1035 1
650 1089 1
650 1204 1
650 1282 1
651 673 1
651 733 2
651 950 2
651 965 1
651 968 1
651 1327 1
653 657 1
653 1060 1
653 1194 1
654 657 1
654 1194 1
655 712 1
655 816 1
655 829 1
655 867 1
656 683 2
656 703 1
656 710 1
656 842 1
656 898 1
657 679 2
657 754 1
657 801 1
657 1194 2
658 841 1
658 1178 1
658 1296 1
658 1315 1
658 1350 1
660 734 1
660 861 1
660 943 1
661 795 1
661 919 1
661 922 2
661 945 1
661 953 1
661 997 1
661 1019 2
661 1111 1
662 770 2
662 842 1
662 957 2
664 713 1
665 672 1
665 675 1
665 680 1
665 1133 1
667 1197 2
668 755 1
668 814 2
668 849 1
668 863 2
668 1098 2
668 1266 2
668 1289 1
668 1310 1
669 704 2
669 796 1
669 808 1
669 823 1
669 831 2
669 882 1
669 971 1
669 1108 2
669 1157 1
669 1180 1
670 671 2
670 993 2
670 1317 1
671 817 1
671 993 1
671 1008 2
671 1317 1
672 675 1
672 680 1
672 1133 1
673 733 1
673 950 1
673 968 1
674 925 1
674 971 1
674 1264 1
675 680 1
675 1133 1
676 679 1
676 725 1
676 736 1
676 747 1
676 758 1
676 779 1
676 842 1
676 881 1
676 987 1
676 994 1
676 1092 1
676 1272 1
676 1287 1
677 770 1
677 842 1
677 940 1
678 839 1
678 846 1
679 736 1
679 747 1
679 754 1
679 758 1
679 779 1
679 783 1
679 801 1
679 836 1
679 903 1
679 941 1
679 1232 1
679 1272 1
679 1310 2
681 802 1
682 770 1
682 821 2
682 858 1
682 914 1
682 1149 2
682 1217 1
683 733 2
683 1128 1
684 686 1
684 691 1
684 875 1
684 1061 1
684 1107 1
685 842 1
688 859 2
688 862 1
688 955 1
688 965 1
688 1143 1
688 1147 2
688 1312 1
689 706 1
689 760 1
689 864 1
693 749 2
693 904 1
694 695 1
695 700 1
695 780 1
695 894 1
695 990 1
696 700 1
696 734 1
696 764 2
696 771 1
696 813 1
696 925 1
696 949 2
696 962 2
696 1013 1
696 1064 1
696 1073 1
697 795 1
697 816 1
697 830 1
697 908 1
697 919 1
697 987 1
697 997 1
697 1019 1
697 1111 1
698 749 1
698 868 1
698 958 1
701 707 1
701 708 1
701 716 1
701 719 1
701 722 1
701 731 1
701 747 1
701 751 1
701 753 1
701 759 1
701 761 1
701 763 1
701 766 1
701 774 1
701 778 1
701 956 1
702 708 1
702 716 1
702 719 1
702 720 1
702 722 1
702 728 1
702 735 1
702 737 1
702 740 1
702 751 1
702 753 1
702 772 1
702 774 1
702 778 1
702 826 1
703 727 1
703 733 1
703 746 2
703 776 1
703 828 1
703 842 1
703 898 1
703 924 1
703 1040 1
703 1094 2
703 1128 1
703 1165 1
703 1291 1
704 718 1
704 823 1
706 755 1
706 817 1
706 823 1
706 864 1
706 918 1
707 716 1
707 719 1
707 721 1
707 722 1
707 728 1
707 729 1
707 735 1
707 737 2
707 740 1
707 747 1
707 751 1
707 760 1
707 761 1
707 766 1
707 772 2
707 778 1
707 826 1
708 716 1
708 719 1
708 721 1
708 722 1
708 728 1
708 729 1
708 731 1
708 735 1
708 737 1
708 740 1
708 747 1
708 751 1
708 760 2
708 761 1
708 766 1
708 772 1
708 774 1
708 778 2
709 781 1
710 836 1
711 802 1
711 908 1
711 1205 1
712 732 1
712 743 1
712 817 1
712 840 1
712 1155 1
714 797 1
716 719 1
716 728 1
716 735 2
716 737 1
716 740 1
716 747 1
716 751 1
716 753 1
716 759 1
716 760 1
716 761 1
716 778 1
716 956 1
717 762 1
717 795 1
717 928 1
717 942 1
717 962 1
717 1108 1
717 1354 1
719 720 1
719 721 1
719 722 1
719 728 1
719 729 1
719 731 1
719 735 1
719 740 1
719 747 1
719 751 1
719 753 1
719 760 1
719 772 1
719 774 1
719 778 1
719 956 1
720 721 1
720 722 1
720 731 2
720 735 1
720 740 2
720 753 1
720 761 1
720 772 1
720 774 1
720 956 2
720 1082 1
721 722 1
721 728 1
721 729 1
721 731 1
721 735 1
721 737 1
721 740 1
721 747 1
721 751 1
721 753 1
721 759 1
721 761 1
721 766 1
721 774 1
721 778 1
721 826 1
721 956 2
722 728 1
722 735 1
722 740 1
722 747 1
722 751 1
722 753 1
722 760 1
722 763 1
722 766 1
722 772 1
722 774 1
722 778 1
722 799 1
722 956 2
722 1000 1
722 1078 1
722 1127 1
722 1244 1
722 1311 2
722 1314 1
722 1315 1
723 792 1
723 813 1
723 822 1
724 746 1
724 800 1
724 855 1
724 858 1
724 874 1
724 883 1
724 884 1
724 886 1
724 892 2
724 895 2
724 899 1
724 901 1
724 905 1
724 910 1
724 916 1
724 917 1
724 920 1
724 923 2
724 924 1
724 931 1
724 938 1
724 941 1
724 960 1
724 968 1
724 972 1
724 978 1
724 979 1
724 980 1
724 984 1
724 985 1
724 986 1
724 999 1
724 1077 1
724 1137 1
724 1204 1
724 1353 1
725 736 1
725 758 1
725 779 1
725 836 1
725 842 1
725 881 1
725 903 1
725 915 2
725 994 1
725 1126 1
725 1232 1
725 1272 1
725 1308 2
727 742 1
727 746 1
727 936 1
727 937 1
727 955 1
727 966 1
727 978 1
727 981 1
727 1299 1
728 729 1
728 731 1
728 735 1
728 737 1
728 740 1
728 751 1
728 760 2
728 761 1
728 763 1
728 772 1
728 778 1
728 826 1
728 956 1
729 731 1
729 735 1
729 747 1
729 753 1
729 759 1
729 760 1
729 761 1
729 763 1
729 766 2
729 772 1
729 774 1
729 778 1
729 826 1
730 913 1
730 938 1
731 735 1
731 737 1
731 740 1
731 753 1
731 760 1
731 763 1
731 772 1
731 774 1
731 778 1
731 779 1
731 826 1
731 1012 1
731 1064 2
732 779 1
732 817 2
732 1155 1
733 842 2
733 898 1
733 950 2
733 968 1
733 1128 1
733 1327 2
734 764 1
734 771 1
734 813 1
734 861 1
734 925 1
734 943 1
734 949 1
734 1073 1
735 737 1
735 747 1
735 759 1
735 761 1
735 766 1
735 772 1
735 774 1
735 778 1
735 826 1
735 956 1
736 747 1
736 758 2
736 779 1
736 783 1
736 798 2
736 881 1
736 915 1
736 932 2
736 939 1
736 951 1
736 955 1
736 1092 2
736 1272 1
737 740 1
737 751 1
737 761 1
737 763 1
737 766 1
737 772 1
737 774 1
737 826 1
739 805 1
739 1293 1
739 1355 1
740 747 1
740 753 1
740 759 1
740 760 1
740 761 1
740 763 1
740 766 1
740 772 1
740 774 1
740 778 1
740 826 1
740 956 1
740 1217 1
742 936 1
742 966 1
742 978 2
742 1007 2
743 817 1
743 969 1
743 1155 2
744 924 1
744 930 1
744 974 1
744 1103 1
744 1259 1
745 842 1
745 940 1
746 924 1
746 941 1
746 1165 1
747 751 1
747 753 1
747 758 1
747 759 1
747 760 1
747 761 1
747 774 1
747 778 1
747 779 1
747 826 1
747 836 1
747 842 2
747 881 1
747 915 1
747 956 1
747 1092 1
749 870 1
749 904 1
749 987 1
749 1017 1
750 967 1
751 761 1
751 772 1
751 774 1
751 778 1
753 759 2
753 760 1
753 766 1
753 774 1
753 778 1
753 826 1
753 956 1
753 1102 1
754 801 1
754 906 1
755 817 2
755 823 2
755 961 2
755 974 2
755 1287 1
756 974 1
758 779 1
758 828 1
758 836 1
758 842 1
758 881 1
758 939 2
758 994 1
758 1232 1
758 1272 1
759 760 2
759 761 1
759 766 1
759 772 1
759 774 1
759 778 1
759 826 1
760 761 1
760 763 2
760 766 1
760 778 2
760 826 1
760 864 2
760 956 1
761 766 1
761 772 1
761 774 1
761 778 1
761 826 1
761 956 1
762 770 1
762 796 1
762 801 1
762 825 1
762 826 1
762 867 1
762 873 1
762 909 1
762 928 1
762 962 1
762 1108 1
762 1133 1
763 766 1
763 772 1
763 774 1
763 778 1
763 826 1
764 771 1
764 813 1
764 962 1
764 1073 1
765 780 1
765 789 1
765 828 1
765 837 2
765 1279 1
766 772 1
766 778 1
766 826 1
766 956 1
767 869 1
770 785 1
770 795 1
770 796 1
770 804 1
770 808 1
770 821 1
770 825 1
770 904 1
770 914 1
770 940 1
770 957 2
770 962 1
770 994 1
770 1268 1
770 1354 1
771 852 2
771 949 2
771 962 1
771 1073 1
771 1137 3
772 774 1
772 778 1
772 826 1
772 956 1
774 778 1
774 956 1
776 781 1
776 828 1
776 919 1
777 849 1
777 852 1
777 870 1
777 964 1
777 1267 1
778 858 2
778 874 1
778 880 1
778 883 1
778 884 1
778 887 2
778 891 1
778 901 2
778 905 1
778 911 1
778 916 1
778 917 1
778 920 1
778 929 1
778 931 1
778 938 1
778 945 1
778 947 2
778 953 1
778 956 1
778 960 2
778 969 1
778 978 1
778 985 1
778 992 1
778 996 1
778 999 1
778 1077 2
778 1254 1
778 1353 1
779 783 1
779 817 1
779 836 1
779 837 1
779 842 1
779 859 1
779 881 1
779 903 1
779 907 1
779 915 1
779 939 1
779 955 1
779 993 1
779 1012 1
779 1064 2
779 1147 1
779 1155 1
779 1191 1
780 787 1
780 802 1
780 894 1
780 975 1
780 990 1
780 1127 1
781 932 1
781 939 2
781 951 1
781 955 1
781 966 1
781 1227 1
782 790 1
782 791 1
783 836 1
783 842 1
783 881 1
783 994 1
783 1232 1
783 1272 1
784 831 1
784 955 1
785 796 1
785 825 1
785 873 1
785 928 1
785 962 1
785 1268 1
785 1354 1
786 830 2
786 1311 1
788 807 1
788 814 1
789 1279 2
790 917 1
791 1126 1
792 822 1
792 1057 1
793 878 1
794 950 1
795 825 1
795 919 1
795 928 1
795 942 1
795 945 1
795 953 2
795 987 1
795 997 1
795 1019 1
795 1108 2
795 1111 1
795 1268 1
795 1354 1
796 808 1
796 813 2
796 831 1
796 873 1
796 882 1
796 900 1
796 928 2
796 959 2
796 962 1
796 1108 1
796 1217 1
796 1354 1
798 914 1
799 800 1
799 1078 1
799 1091 1
799 1127 1
799 1311 1
799 1314 1
799 1315 1
800 883 2
800 884 1
800 886 1
800 892 1
800 895 1
800 899 1
800 905 1
800 916 1
800 920 1
800 923 1
800 929 1
800 953 1
800 968 1
800 973 1
800 976 1
800 978 1
800 979 1
800 980 1
800 982 1
800 983 1
800 984 1
800 985 1
800 996 1
800 1077 1
800 1204 2
800 1254 1
800 1353 2
801 826 1
801 853 1
801 867 1
801 909 2
801 941 2
801 959 1
802 864 1
802 1127 1
803 875 1
803 1061 1
804 963 1
804 1098 1
805 847 1
805 885 1
805 913 1
805 1293 1
806 812 1
806 815 1
806 1033 1
806 1196 1
807 848 1
807 935 1
808 831 1
808 882 1
808 900 1
808 1108 2
808 1157 1
810 902 1
810 930 1
810 1259 1
812 942 1
812 1196 1
813 925 1
813 949 1
813 1073 1
813 1108 1
813 1137 1
813 1268 1
813 1354 2
814 845 1
814 849 1
814 869 2
814 898 1
814 954 1
814 1266 1
815 942 2
815 1196 2
816 819 1
816 829 1
816 830 1
816 890 1
816 893 1
816 1124 1
817 823 1
817 918 1
817 946 2
817 993 1
817 1008 1
817 1155 2
817 1317 1
818 925 1
818 971 1
818 1044 1
818 1264 1
819 829 1
819 1178 2
819 1315 2
819 1350 1
819 1351 1
821 970 1
821 994 1
821 1022 1
821 1149 1
821 1217 1
822 835 1
822 948 1
822 1023 1
822 1107 2
823 918 1
825 873 1
825 942 2
825 962 1
825 1268 2
825 1354 2
826 853 1
826 977 1
826 1133 1
826 1290 1
827 896 1
827 961 1
828 837 1
828 919 1
828 1040 2
828 1291 1
830 890 1
830 908 1
830 977 1
830 1352 1
831 900 1
831 955 1
831 971 1
831 1108 1
831 1157 2
832 855 1
832 941 1
834 838 1
834 841 2
834 1067 1
835 948 1
836 842 1
836 881 1
836 903 1
836 915 1
836 939 1
836 994 1
836 1232 1
836 1272 2
837 859 1
837 862 1
837 907 1
837 955 1
837 962 1
837 993 2
837 1147 1
838 843 1
839 846 1
839 970 1
840 867 1
840 1089 1
840 1282 2
841 1067 1
841 1296 1
842 894 1
842 898 1
842 915 1
842 940 1
842 956 1
842 957 1
842 1128 1
842 1232 2
844 852 1
844 1267 1
846 970 1
847 913 1
849 852 1
849 870 1
849 898 1
849 964 1
849 1267 1
851 852 1
851 871 2
851 971 1
852 873 2
852 883 1
852 964 1
853 867 1
853 1133 1
854 902 1
854 926 1
854 965 2
854 1345 3
855 924 1
855 941 1
855 1137 1
858 884 2
858 886 2
858 887 1
858 891 1
858 910 1
858 911 1
858 916 1
858 917 1
858 923 1
858 929 1
858 938 1
858 945 1
858 953 1
858 968 1
858 969 1
858 972 1
858 973 1
858 976 1
858 980 1
858 983 1
858 984 1
858 985 1
858 992 1
858 999 1
858 1077 1
858 1204 1
858 1254 1
858 1353 1
859 862 1
859 907 2
859 955 1
859 1147 1
862 907 1
862 955 1
862 1147 1
866 888 1
867 909 2
867 1133 1
868 870 1
869 954 1
869 977 1
869 1290 1
870 879 1
870 964 1
870 987 1
870 1267 1
873 928 1
873 942 1
873 971 1
873 1268 1
873 1354 1
874 883 1
874 884 1
874 887 1
874 892 1
874 895 1
874 905 1
874 910 1
874 911 1
874 923 1
874 929 1
874 931 1
874 945 1
874 947 2
874 960 1
874 969 1
874 972 1
874 973 2
874 976 2
874 980 1
874 982 1
874 986 1
874 992 2
874 996 1
874 999 1
874 1077 2
874 1204 1
874 1254 1
875 1061 1
875 1107 1
879 1267 1
880 883 1
880 887 1
880 891 1
880 895 1
880 899 1
880 901 1
880 910 1
880 911 1
880 916 1
880 917 1
880 929 1
880 931 1
880 938 1
880 947 1
880 953 1
880 968 1
880 969 1
880 972 1
880 973 1
880 979 2
880 982 1
880 984 1
880 986 1
880 992 1
880 996 1
880 1077 1
880 1254 1
881 903 1
881 915 1
881 939 1
881 1035 1
881 1092 1
881 1232 1
881 1272 2
882 900 1
882 1108 1
882 1157 2
882 1248 1
883 884 1
883 886 1
883 891 1
883 892 1
883 901 1
883 910 2
883 911 1
883 916 1
883 917 1
883 920 1
883 929 2
883 931 2
883 947 1
883 960 1
883 968 1
883 969 1
883 972 1
883 973 1
883 976 1
883 978 1
883 979 1
883 980 1
883 982 1
883 983 1
883 984 1
883 986 2
883 992 2
883 999 1
883 1204 2
883 1254 1
883 1353 1
884 886 1
884 887 1
884 891 2
884 892 1
884 895 1
884 899 1
884 905 1
884 910 1
884 920 1
884 923 1
884 929 1
884 931 1
884 938 1
884 945 1
884 947 1
884 953 1
884 960 1
884 969 1
884 972 1
884 973 1
884 976 1
884 982 1
884 983 1
884 984 1
884 985 1
884 986 1
884 992 1
884 996 1
884 999 1
884 1204 1
886 892 1
886 895 1
886 899 1
886 916 1
886 917 1
886 920 1
886 924 1
886 929 1
886 938 1
886 960 1
886 968 1
886 969 1
886 973 1
886 976 1
886 978 1
886 980 1
886 982 1
886 985 1
886 992 2
886 999 1
886 1161 1
886 1208 1
886 1353 1
887 905 1
887 910 1
887 911 1
887 916 1
887 917 1
887 923 1
887 931 1
887 938 1
887 945 1
887 947 1
887 953 1
887 960 2
887 969 1
887 972 1
887 973 1
887 976 2
887 978 1
887 979 1
887 980 1
887 983 1
887 984 1
887 985 1
887 986 1
887 996 1
887 999 1
887 1077 1
887 1204 1
887 1254 1
887 1353 1
889 935 1
890 893 1
890 908 1
890 1352 1
891 892 1
891 899 1
891 905 1
891 910 1
891 920 1
891 923 1
891 929 1
891 931 1
891 938 1
891 947 1
891 960 1
891 969 1
891 972 1
891 973 1
891 976 1
891 978 1
891 979 1
891 982 1
891 983 1
891 985 1
891 986 1
891 996 1
891 999 2
891 1077 1
891 1254 1
892 895 1
892 899 1
892 901 1
892 905 1
892 910 1
892 911 1
892 916 2
892 920 1
892 923 1
892 929 1
892 931 1
892 945 1
892 947 1
892 953 1
892 960 2
892 972 1
892 973 1
892 978 1
892 980 1
892 982 1
892 983 1
892 984 1
892 986 1
892 992 2
892 996 1
892 1077 1
892 1204 1
892 1353 2
893 908 1
893 1352 1
894 921 1
894 975 1
894 990 1
894 1048 1
895 899 1
895 901 1
895 905 1
895 910 1
895 911 1
895 916 1
895 917 1
895 923 1
895 929 1
895 931 1
895 938 1
895 945 1
895 953 1
895 960 1
895 969 1
895 973 1
895 976 1
895 982 1
895 983 2
895 984 1
895 985 1
895 986 1
895 992 1
895 996 1
895 999 1
895 1077 1
895 1204 2
895 1254 1
896 961 1
896 968 1
898 1128 1
898 1266 1
899 901 1
899 905 2
899 910 2
899 911 1
899 916 1
899 917 1
899 920 1
899 923 1
899 938 1
899 945 1
899 947 1
899 969 1
899 972 1
899 976 1
899 978 1
899 979 1
899 980 1
899 982 1
899 983 1
899 984 1
899 985 1
899 986 1
899 999 1
899 1077 1
899 1204 1
899 1254 1
899 1353 1
900 1108 2
900 1157 3
901 905 1
901 910 1
901 911 1
901 916 1
901 917 2
901 923 1
901 929 1
901 931 1
901 938 1
901 945 1
901 947 1
901 953 1
901 960 1
901 969 1
901 972 1
901 973 1
901 978 1
901 979 1
901 983 2
901 986 1
901 992 1
901 996 1
901 999 1
901 1204 1
902 990 1
903 915 1
903 994 1
903 1092 1
903 1232 1
904 914 1
904 970 1
904 994 1
904 1022 1
904 1149 1
904 1217 1
905 910 1
905 911 1
905 917 1
905 920 1
905 923 1
905 945 1
905 947 1
905 953 1
905 960 1
905 969 1
905 972 1
905 978 1
905 979 2
905 980 1
905 982 1
905 983 1
905 985 1
905 986 1
905 992 1
905 996 1
905 999 1
905 1077 1
905 1254 1
906 997 1
906 1221 1
907 993 1
907 1147 1
908 1205 1
909 1133 1
910 911 1
910 916 1
910 917 1
910 920 1
910 923 1
910 929 1
910 938 1
910 945 1
910 947 1
910 953 1
910 960 1
910 968 1
910 969 1
910 973 1
910 976 1
910 978 2
910 979 1
910 982 1
910 983 1
910 984 1
910 985 1
910 986 1
910 999 2
911 916 1
911 920 1
911 929 1
911 931 1
911 938 1
911 945 2
911 947 1
911 953 2
911 960 1
911 969 1
911 972 1
911 973 1
911 976 1
911 978 1
911 979 1
911 983 1
911 986 1
911 999 1
911 1077 1
911 1353 1
914 932 1
914 951 2
914 955 1
914 994 2
914 1217 1
915 939 1
915 994 2
915 1092 1
915 1272 1
916 917 1
916 920 1
916 923 2
916 929 1
916 931 2
916 945 1
916 947 1
916 953 1
916 960 1
916 972 1
916 973 1
916 976 1
916 978 1
916 979 1
916 980 1
916 982 1
916 983 1
916 984 1
916 985 1
916 986 1
916 992 1
916 1077 1
916 1204 2
916 1254 1
917 920 1
917 923 1
917 929 1
917 931 1
917 938 1
917 947 1
917 960 1
917 969 1
917 972 1
917 973 1
917 976 1
917 978 1
917 979 2
917 980 1
917 983 1
917 984 1
917 985 1
917 986 1
917 992 2
917 999 1
917 1254 1
919 924 1
919 945 1
919 953 1
919 987 1
919 1019 1
919 1111 1
919 1291 2
920 923 1
920 931 2
920 938 1
920 945 1
920 947 1
920 953 1
920 960 2
920 968 1
920 969 1
920 972 1
920 973 1
920 976 1
920 978 2
920 980 1
920 982 1
920 983 2
920 986 1
920 992 1
920 1077 1
920 1204 1
920 1353 1
921 975 1
923 929 1
923 931 1
923 945 1
923 968 1
923 969 1
923 972 1
923 973 1
923 976 1
923 978 1
923 979 1
923 980 1
923 983 1
923 984 1
923 985 1
923 986 1
923 1077 1
923 1254 1
924 930 1
924 941 1
924 1137 1
924 1208 1
924 1259 1
925 949 1
925 962 1
925 1137 1
925 1264 1
926 965 1
927 971 1
927 1112 1
928 942 2
928 962 1
928 1108 1
928 1268 1
928 1354 1
929 931 1
929 947 1
929 953 1
929 968 1
929 969 1
929 972 1
929 978 1
929 982 1
929 983 1
929 984 1
929 985 1
929 986 1
929 992 1
929 996 1
929 999 1
929 1077 1
929 1204 1
929 1353 1
930 1259 2
931 947 2
931 953 1
931 960 1
931 969 1
931 972 1
931 978 1
931 979 1
931 983 1
931 984 1
931 986 1
931 992 1
931 996 1
931 999 1
931 1204 1
931 1254 1
931 1353 1
932 951 1
934 1121 2
935 1308 1
935 1346 1
936 966 2
936 978 1
936 1007 1
936 1299 1
938 947 1
938 953 1
938 960 1
938 968 2
938 972 2
938 973 1
938 976 1
938 979 2
938 980 1
938 982 1
938 985 1
938 986 1
938 992 1
938 996 1
938 999 2
938 1077 1
938 1204 2
938 1254 1
938 1353 1
939 966 1
939 994 2
939 1092 1
939 1232 1
939 1272 2
940 957 1
941 1137 1
942 962 2
942 1108 2
942 1196 1
942 1268 1
945 947 1
945 953 1
945 960 1
945 968 1
945 973 1
945 976 1
945 978 1
945 980 1
945 982 1
945 983 1
945 984 1
945 985 1
945 987 1
945 992 1
945 996 1
945 997 1
945 999 1
945 1019 1
945 1111 1
945 1204 1
945 1353 1
946 993 1
946 1317 1
947 953 1
947 960 1
947 972 1
947 973 1
947 976 1
947 978 2
947 979 1
947 980 1
947 982 1
947 983 1
947 984 1
947 985 1
947 986 1
947 992 1
947 1077 1
947 1204 1
947 1254 1
947 1353 1
948 1185 1
948 1270 1
949 962 1
949 1073 1
949 1137 1
950 1327 2
953 960 2
953 968 1
953 969 1
953 972 1
953 976 1
953 978 1
953 979 1
953 982 1
953 983 1
953 984 1
953 986 1
953 992 1
953 996 1
953 997 1
953 999 1
953 1019 1
953 1111 1
953 1204 1
953 1254 1
953 1353 1
954 995 1
955 993 2
955 1147 1
955 1165 1
960 968 1
960 969 1
960 976 1
960 978 1
960 979 2
960 982 1
960 983 1
960 984 1
960 985 1
960 986 1
960 992 1
960 996 1
960 1204 2
960 1254 2
960 1353 1
961 968 1
961 1098 2
962 1178 1
962 1268 1
964 1267 2
965 1345 1
966 978 1
966 1007 2
966 1299 2
968 969 1
968 976 1
968 979 2
968 980 1
968 982 1
968 986 1
968 992 1
968 999 1
968 1204 1
968 1327 2
968 1353 1
969 972 2
969 976 1
969 979 1
969 980 1
969 982 1
969 983 1
969 984 1
969 985 1
969 986 1
969 992 1
969 996 1
969 1204 1
969 1254 1
969 1353 1
970 994 1
970 1022 1
970 1149 1
970 1217 1
971 1108 1
971 1264 1
972 973 1
972 978 1
972 979 1
972 980 1
972 983 1
972 985 1
972 986 1
972 992 1
972 996 1
972 999 1
972 1077 1
972 1204 1
972 1254 1
972 1353 1
973 976 1
973 978 1
973 979 1
973 980 2
973 983 2
973 986 1
973 992 1
973 999 1
973 1077 1
973 1204 1
973 1254 1
973 1353 1
974 1103 1
975 990 1
976 978 1
976 979 1
976 980 1
976 982 1
976 983 1
976 984 1
976 986 1
976 999 1
976 1077 1
976 1204 1
976 1353 1
977 1290 1
978 980 1
978 981 2
978 982 2
978 985 1
978 986 1
978 992 2
978 996 2
978 999 1
978 1007 1
978 1077 1
978 1299 1
978 1353 1
979 980 1
979 982 2
979 983 2
979 984 1
979 985 1
979 986 1
979 992 1
979 996 1
979 1077 1
979 1204 1
979 1353 1
980 982 1
980 983 1
980 986 1
980 999 1
980 1077 1
980 1254 1
980 1353 1
981 1299 1
982 983 1
982 984 1
982 985 1
982 986 1
982 992 1
982 1077 1
982 1204 1
982 1353 1
983 984 1
983 985 1
983 986 1
983 992 1
983 999 1
983 1077 1
983 1204 1
983 1254 1
984 985 1
984 992 1
984 996 1
984 999 1
984 1077 1
984 1204 1
984 1353 1
985 992 2
985 996 1
985 1204 1
985 1254 1
986 992 1
986 996 1
986 1077 1
986 1204 1
986 1254 1
986 1353 1
987 997 1
992 996 1
992 999 1
992 1077 1
993 1317 2
994 1022 1
994 1092 1
994 1217 1
994 1232 1
996 999 1
996 1077 2
996 1204 1
996 1254 1
996 1353 2
997 1111 1
999 1077 1
999 1204 1
999 1254 1
1000 1078 1
1000 1091 1
1000 1127 1
1000 1244 1
1000 1311 1
1000 1314 1
1000 1315 1
1002 1004 1
1002 1006 1
1002 1007 2
1002 1009 1
1002 1010 1
1002 1011 1
1002 1014 1
1002 1015 1
1002 1018 1
1002 1020 1
1002 1022 1
1002 1024 2
1002 1026 1
1002 1029 2
1002 1032 1
1002 1034 1
1003 1004 1
1003 1006 1
1003 1007 1
1003 1010 1
1003 1011 1
1003 1015 1
1003 1016 1
1003 1018 1
1003 1021 1
1003 1022 1
1003 1024 1
1003 1025 1
1003 1026 2
1003 1029 1
1003 1032 1
1003 1034 1
1003 1035 1
1004 1005 1
1004 1006 1
1004 1009 1
1004 1011 1
1004 1021 1
1004 1022 2
1004 1029 1
1004 1034 1
1004 1035 1
1005 1006 1
1005 1007 1
1005 1008 1
1005 1011 1
1005 1014 1
1005 1015 1
1005 1016 1
1005 1018 1
1005 1020 1
1005 1022 1
1005 1024 1
1005 1025 1
1005 1026 1
1005 1029 1
1005 1032 1
1005 1035 1
1006 1007 1
1006 1008 1
1006 1009 2
1006 1010 1
1006 1011 1
1006 1015 1
1006 1016 1
1006 1018 1
1006 1020 1
1006 1022 1
1006 1024 1
1006 1025 2
1006 1029 1
1006 1032 2
1006 1034 1
1006 1035 1
1007 1008 1
1007 1009 1
1007 1010 1
1007 1011 2
1007 1014 1
1007 1015 1
1007 1016 1
1007 1018 1
1007 1020 1
1007 1024 1
1007 1025 1
1007 1026 2
1007 1032 2
1007 1034 1
1007 1035 2
1007 1299 2
1008 1009 1
1008 1011 1
1008 1014 1
1008 1018 1
1008 1021 1
1008 1024 2
1008 1025 1
1008 1026 1
1008 1028 1
1008 1029 1
1008 1034 1
1008 1317 1
1009 1010 1
1009 1011 1
1009 1014 1
1009 1015 1
1009 1016 1
1009 1018 1
1009 1020 1
1009 1021 2
1009 1024 1
1009 1029 2
1009 1034 1
1010 1011 2
1010 1014 1
1010 1015 1
1010 1016 1
1010 1018 2
1010 1020 1
1010 1021 2
1010 1022 1
1010 1025 2
1010 1028 1
1010 1029 1
1010 1032 1
1010 1034 1
1010 1035 1
1011 1015 2
1011 1018 1
1011 1021 2
1011 1022 1
1011 1024 1
1011 1025 1
1011 1026 1
1011 1028 1
1011 1034 1
1011 1035 1
1012 1064 2
1012 1191 1
1014 1015 1
1014 1018 1
1014 1020 1
1014 1022 1
1014 1024 1
1014 1025 1
1014 1026 1
1014 1029 1
1014 1034 1
1014 1035 1
1015 1018 1
1015 1020 1
1015 1024 1
1015 1025 1
1015 1034 1
1015 1035 1
1016 1018 1
1016 1021 1
1016 1022 1
1016 1024 1
1016 1025 1
1016 1026 1
1016 1032 1
1018 1020 1
1018 1021 1
1018 1022 2
1018 1024 2
1018 1025 1
1018 1026 1
1018 1028 1
1018 1035 1
1019 1111 1
1020 1021 1
1020 1022 1
1020 1025 1
1020 1026 1
1020 1029 1
1020 1032 1
1020 1034 1
1021 1022 1
1021 1024 1
1021 1025 1
1021 1026 1
1021 1032 1
1021 1035 1
1022 1024 1
1022 1028 1
1022 1029 1
1022 1035 2
1022 1217 1
1023 1107 1
1023 1185 2
1024 1025 1
1024 1028 1
1024 1029 1
1024 1032 1
1024 1034 1
1025 1035 1
1026 1028 1
1026 1032 2
1026 1034 2
1026 1035 1
1027 1292 1
1028 1029 1
1028 1032 1
1028 1034 1
1028 1035 1
1029 1035 1
1030 1291 1
1031 1227 1
1034 1035 1
1036 1038 1
1037 1038 1
1039 1041 1
1039 1042 1
1039 1045 2
1040 1159 1
1040 1291 1
1041 1042 1
1041 1046 1
1042 1044 1
1042 1045 1
1042 1046 1
1043 1044 1
1043 1045 1
1043 1046 1
1044 1045 1
1044 1264 1
1045 1046 1
1047 1048 1
1047 1050 1
1047 1051 1
1047 1052 1
1047 1053 1
1048 1050 1
1049 1051 1
1049 1052 1
1050 1051 1
1050 1052 1
1050 1053 2
1051 1053 1
1054 1055 1
1054 1056 1
1054 1058 1
1054 1059 1
1054 1060 2
1054 1063 1
1054 1065 1
1054 1066 1
1054 1067 1
1054 1068 1
1054 1069 1
1054 1070 1
1055 1056 1
1055 1057 1
1055 1058 2
1055 1059 1
1055 1062 1
1055 1066 1
1055 1067 1
1055 1068 1
1055 1069 2
1055 1070 1
1056 1058 1
1056 1059 1
1056 1060 1
1056 1063 1
1056 1066 1
1056 1068 1
1056 1069 1
1056 1070 1
1057 1058 1
1057 1059 1
1057 1063 1
1057 1065 1
1057 1066 1
1057 1067 1
1057 1068 1
1057 1070 1
1058 1059 1
1058 1060 1
1058 1062 1
1058 1065 1
1058 1066 1
1058 1067 1
1058 1068 1
1058 1069 1
1058 1070 1
1059 1060 1
1059 1062 1
1059 1066 1
1059 1067 1
1059 1068 1
1059 1069 1
1060 1062 1
1060 1065 1
1060 1067 1
1060 1068 1
1060 1069 1
1060 1070 1
1060 1194 1
1061 1107 1
1062 1067 1
1062 1068 1
1063 1065 1
1063 1070 1
1064 1191 1
1065 1066 1
1065 1070 1
1066 1067 1
1066 1068 1
1066 1070 2
1067 1068 1
1067 1069 2
1067 1070 1
1068 1069 1
1071 1073 1
1071 1074 1
1072 1074 1
1073 1137 1
1075 1076 1
1075 1077 1
1076 1077 2
1076 1205 1
1077 1204 1
1077 1254 1
1077 1353 1
1078 1091 1
1078 1127 1
1078 1311 1
1078 1314 1
1079 1080 1
1079 1081 1
1080 1081 1
1082 1083 1
1082 1084 1
1082 1085 1
1082 1087 2
1082 1092 1
1082 1093 1
1082 1095 1
1082 1096 1
1082 1097 2
1082 1099 1
1082 1101 1
1082 1102 1
1082 1105 1
1082 1108 1
1082 1109 1
1082 1110 1
1082 1113 1
1082 1114 1
1082 1116 1
1082 1117 1
1083 1084 1
1083 1088 1
1083 1095 1
1083 1099 1
1083 1101 1
1083 1104 1
1083 1108 1
1083 1109 1
1083 1110 2
1083 1113 1
1083 1115 1
1083 1116 1
1083 1117 2
1083 1118 1
1083 1120 1
1083 1121 1
1084 1085 1
1084 1087 1
1084 1088 1
1084 1096 1
1084 1099 1
1084 1101 1
1084 1102 1
1084 1104 1
1084 1105 1
1084 1109 1
1084 1110 1
1084 1113 1
1084 1114 1
1084 1115 1
1084 1116 1
1084 1119 1
1084 1120 1
1084 1121 1
1085 1087 2
1085 1088 1
1085 1090 2
1085 1092 1
1085 1093 1
1085 1095 1
1085 1101 1
1085 1104 2
1085 1109 1
1085 1110 1
1085 1113 1
1085 1114 1
1085 1115 1
1085 1116 2
1085 1117 1
1085 1118 2
1085 1119 1
1085 1120 1
1085 1121 2
1087 1088 1
1087 1092 1
1087 1093 1
1087 1095 1
1087 1096 1
1087 1097 1
1087 1099 1
1087 1101 1
1087 1104 1
1087 1105 1
1087 1106 1
1087 1108 1
1087 1109 1
1087 1113 1
1087 1114 1
1087 1115 1
1087 1117 1
1087 1118 2
1087 1119 1
1087 1121 1
1088 1092 1
1088 1093 1
1088 1095 1
1088 1096 1
1088 1097 1
1088 1099 1
1088 1101 1
1088 1102 1
1088 1104 2
1088 1105 1
1088 1106 2
1088 1108 1
1088 1109 1
1088 1110 1
1088 1113 2
1088 1115 2
1088 1116 2
1088 1117 2
1088 1118 1
1088 1120 1
1088 1121 1
1089 1204 1
1090 1093 1
1090 1097 1
1090 1099 2
1090 1101 1
1090 1102 1
1090 1104 2
1090 1105 2
1090 1106 1
1090 1108 2
1090 1109 1
1090 1110 1
1090 1114 1
1090 1115 1
1090 1117 1
1090 1119 1
1090 1120 1
1090 1121 2
1091 1127 1
1091 1311 1
1091 1314 1
1091 1315 1
1092 1093 1
1092 1095 1
1092 1096 1
1092 1097 1
1092 1099 1
1092 1102 1
1092 1104 1
1092 1106 1
1092 1108 1
1092 1109 1
1092 1110 2
1092 1114 1
1092 1115 2
1092 1116 1
1092 1117 1
1092 1118 1
1092 1119 1
1092 1120 1
1092 1232 2
1092 1272 1
1093 1095 1
1093 1097 1
1093 1101 1
1093 1108 1
1093 1110 1
1093 1113 1
1093 1116 1
1093 1118 1
1093 1119 1
1093 1120 1
1095 1097 1
1095 1101 1
1095 1102 2
1095 1104 1
1095 1105 1
1095 1109 1
1095 1110 1
1095 1115 1
1095 1117 1
1095 1119 1
1095 1120 1
1096 1101 1
1096 1104 1
1096 1105 1
1096 1106 1
1096 1113 1
1096 1115 1
1096 1118 1
1097 1104 1
1097 1105 1
1097 1106 1
1097 1110 1
1097 1114 1
1097 1116 1
1097 1117 2
1097 1119 1
1097 1121 2
1099 1104 1
1099 1106 1
1099 1115 2
1099 1117 1
1099 1118 1
1100 1142 1
1101 1104 1
1101 1105 1
1101 1106 1
1101 1108 1
1101 1109 1
1101 1110 1
1101 1114 1
1101 1117 1
1101 1119 1
1101 1121 1
1102 1104 1
1102 1105 1
1102 1106 1
1102 1108 1
1102 1110 2
1102 1115 3
1102 1116 1
1102 1117 2
1102 1119 1
1102 1120 1
1102 1121 2
1104 1105 1
1104 1106 1
1104 1108 1
1104 1109 1
1104 1113 1
1104 1115 1
1104 1117 1
1104 1118 1
1104 1119 1
1104 1120 1
1104 1121 2
1105 1106 1
1105 1108 1
1105 1109 1
1105 1113 1
1105 1115 1
1105 1116 1
1105 1118 1
1105 1119 1
1105 1120 1
1106 1108 2
1106 1109 1
1106 1110 1
1106 1113 1
1106 1114 1
1106 1116 1
1106 1119 2
1106 1120 1
1106 1121 1
1107 1185 1
1107 1270 1
1108 1110 2
1108 1113 1
1108 1115 1
1108 1117 2
1108 1118 1
1108 1119 1
1108 1120 1
1108 1121 1
1108 1157 2
1108 1268 1
1108 1354 1
1109 1110 1
1109 1115 1
1109 1116 2
1109 1118 2
1110 1113 1
1110 1114 1
1110 1115 1
1110 1117 1
1110 1119 1
1110 1121 1
1113 1114 1
1113 1115 2
1113 1116 1
1113 1119 1
1113 1121 1
1114 1116 1
1114 1120 1
1114 1121 1
1115 1116 2
1115 1117 1
1115 1119 1
1115 1120 1
1115 1121 2
1116 1119 1
1116 1120 2
1116 1121 1
1117 1119 1
1118 1119 2
1123 1125 1
1123 1128 1
1123 1129 1
1124 1194 1
1125 1129 1
1127 1244 1
1127 1311 1
1127 1314 1
1128 1129 1
1130 1131 1
1130 1132 1
1130 1134 1
1131 1132 1
1131 1134 1
1132 1134 1
1135 1137 1
1135 1138 1
1135 1139 1
1135 1141 1
1135 1144 1
1136 1137 1
1136 1138 1
1136 1139 1
1136 1141 1
1136 1144 1
1137 1140 1
1137 1144 1
1138 1139 1
1138 1141 1
1138 1144 1
1139 1141 1
1139 1144 1
1140 1141 1
1141 1144 2
1143 1312 1
1145 1146 1
1145 1147 1
1148 1151 1
1148 1152 1
1148 1156 1
1148 1157 1
1148 1158 1
1148 1162 1
1148 1164 2
1148 1165 1
1148 1167 1
1148 1168 1
1148 1169 1
1148 1171 1
1148 1173 1
1148 1174 1
1148 1175 1
1148 1176 1
1148 1177 1
1149 1150 1
1149 1151 1
1149 1152 1
1149 1153 1
1149 1156 1
1149 1158 1
1149 1163 1
1149 1164 1
1149 1167 1
1149 1169 1
1149 1170 1
1149 1171 1
1149 1174 1
1149 1176 2
1150 1151 1
1150 1152 1
1150 1153 1
1150 1156 1
1150 1157 1
1150 1158 1
1150 1160 1
1150 1162 1
1150 1163 1
1150 1164 1
1150 1166 2
1150 1167 1
1150 1168 1
1150 1170 1
1150 1172 1
1150 1173 1
1150 1176 1
1150 1177 1
1151 1152 2
1151 1153 1
1151 1156 1
1151 1157 1
1151 1158 1
1151 1160 1
1151 1163 1
1151 1164 1
1151 1165 1
1151 1166 1
1151 1169 2
1151 1170 1
1151 1171 2
1151 1173 1
1151 1174 1
1151 1175 1
1151 1176 1
1152 1153 1
1152 1157 1
1152 1158 1
1152 1160 1
1152 1162 1
1152 1164 1
1152 1165 1
1152 1166 1
1152 1167 1
1152 1170 2
1152 1175 1
1152 1176 1
1152 1177 1
1153 1155 1
1153 1158 1
1153 1162 1
1153 1166 1
1153 1167 1
1153 1169 1
1153 1170 1
1153 1173 1
1153 1175 1
1155 1156 1
1155 1157 2
1155 1158 2
1155 1160 1
1155 1163 1
1155 1164 1
1155 1165 1
1155 1166 3
1155 1167 1
1155 1168 1
1155 1171 2
1155 1172 1
1155 1173 1
1155 1174 2
1155 1176 2
1155 1177 2
1156 1158 1
1156 1160 1
1156 1162 1
1156 1164 1
1156 1165 1
1156 1166 1
1156 1168 1
1156 1170 1
1156 1173 1
1156 1174 1
1156 1176 1
1156 1177 1
1157 1160 1
1157 1162 1
1157 1164 1
1157 1165 1
1157 1166 1
1157 1169 1
1157 1170 1
1157 1171 1
1157 1172 2
1157 1173 1
1157 1174 1
1157 1177 1
1158 1160 1
1158 1165 1
1158 1166 1
1158 1167 2
1158 1170 1
1158 1171 1
1158 1172 1
1158 1173 1
1158 1177 1
1160 1163 1
1160 1165 1
1160 1166 1
1160 1167 1
1160 1168 1
1160 1170 2
1160 1171 1
1160 1172 1
1160 1177 1
1161 1311 1
1162 1164 1
1162 1166 1
1162 1167 1
1162 1169 1
1162 1170 1
1162 1171 1
1162 1173 1
1162 1174 1
1162 1177 2
1163 1164 1
1163 1165 1
1163 1166 1
1163 1171 1
1163 1175 1
1164 1166 2
1164 1167 1
1164 1168 1
1164 1170 1
1164 1172 1
1164 1173 1
1164 1175 1
1164 1176 1
1164 1177 1
1165 1166 1
1165 1168 1
1165 1169 1
1165 1170 1
1165 1171 1
1165 1172 1
1165 1173 1
1165 1174 1
1165 1175 1
1165 1176 1
1165 1177 1
1166 1167 1
1166 1168 1
1166 1169 1
1166 1172 1
1166 1173 1
1166 1174 1
1166 1175 1
1166 1176 1
1166 1177 1
1167 1168 1
1167 1169 1
1167 1170 1
1167 1171 1
1167 1173 1
1167 1175 1
1167 1176 2
1168 1170 1
1168 1171 2
1168 1172 1
1168 1173 2
1168 1174 1
1168 1176 1
1168 1177 1
1169 1170 1
1169 1171 1
1169 1172 1
1169 1173 1
1169 1175 1
1169 1176 1
1170 1172 2
1170 1173 1
1170 1174 1
1170 1175 1
1170 1176 1
1170 1177 1
1171 1173 1
1171 1174 1
1171 1175 2
1171 1176 1
1172 1173 1
1172 1174 1
1172 1176 1
1174 1176 1
1174 1177 1
1175 1177 1
1176 1177 1
1178 1315 1
1178 1350 1
1178 1351 1
1179 1181 2
1179 1184 1
1181 1182 1
1181 1183 1
1181 1184 1
1182 1183 1
1182 1184 1
1183 1184 1
1186 1188 1
1189 1190 1
1189 1192 1
1193 1197 1
1195 1196 1
1195 1197 1
1195 1198 1
1195 1199 1
1196 1197 1
1196 1198 1
1196 1200 1
1197 1199 2
1197 1200 1
1199 1200 1
1201 1202 1
1201 1203 1
1202 1203 1
1204 1254 1
1204 1282 1
1204 1353 1
1206 1207 1
1207 1209 1
1210 1212 1
1211 1212 1
1213 1312 1
1214 1215 1
1214 1216 1
1214 1218 1
1214 1223 1
1214 1224 1
1214 1226 1
1215 1216 2
1215 1218 1
1215 1219 1
1215 1223 1
1215 1225 1
1215 1226 1
1216 1217 1
1216 1220 1
1216 1225 2
1217 1218 1
1217 1219 1
1217 1223 2
1217 1226 1
1218 1219 1
1218 1223 1
1218 1224 1
1218 1225 1
1218 1226 1
1219 1223 1
1219 1224 1
1219 1226 1
1220 1223 1
1220 1225 1
1223 1224 1
1224 1226 1
1225 1226 1
1228 1229 1
1228 1230 1
1228 1231 1
1228 1232 1
1229 1230 1
1229 1232 1
1230 1232 1
1231 1232 1
1232 1272 1
1233 1234 1
1233 1236 1
1234 1235 1
1234 1236 1
1237 1238 1
1240 1241 1
1240 1242 1
1244 1311 1
1244 1314 1
1244 1315 2
1245 1246 1
1247 1249 2
1247 1250 1
1249 1250 1
1251 1252 1
1251 1254 1
1252 1253 1
1252 1254 1
1255 1256 1
1256 1258 1
1256 1260 1
1257 1258 2
1257 1260 1
1261 1263 1
1261 1264 1
1261 1265 1
1261 1268 1
1261 1269 1
1261 1271 1
1262 1263 1
1262 1264 1
1262 1265 1
1262 1268 1
1262 1271 1
1263 1264 1
1263 1265 1
1263 1267 1
1263 1268 1
1263 1269 1
1263 1271 1
1264 1267 1
1264 1269 1
1264 1271 1
1265 1268 1
1265 1269 1
1267 1268 1
1267 1269 1
1267 1271 1
1268 1269 1
1269 1271 1
1272 1273 1
1272 1275 1
1272 1276 1
1273 1276 1
1277 1278 1
1277 1279 1
1277 1281 2
1277 1285 1
1277 1286 1
1278 1279 1
1278 1281 1
1278 1283 1
1278 1285 2
1278 1286 1
1278 1288 2
1279 1281 1
1279 1284 1
1279 1285 1
1279 1286 2
1281 1283 1
1281 1284 1
1281 1285 1
1281 1286 1
1281 1288 1
1283 1286 2
1284 1285 1
1284 1288 1
1285 1288 1
1286 1288 1
1289 1310 1
1290 1293 1
1290 1294 1
1290 1295 1
1290 1297 1
1291 1296 1
1293 1295 2
1293 1297 2
1295 1297 1
1296 1350 1
1298 1299 1
1299 1300 1
1301 1302 1
1301 1304 1
1301 1309 1
1302 1305 1
1302 1307 1
1302 1309 1
1303 1304 1
1303 1305 1
1303 1307 1
1304 1306 1
1304 1309 1
1305 1306 2
1306 1307 2
1306 1309 1
1307 1309 1
1311 1314 1
1313 1316 1
1314 1315 1
1315 1350 1
1315 1351 1
1318 1319 1
1320 1321 1
1320 1323 1
1320 1324 1
1320 1325 1
1320 1328 1
1321 1322 1
1321 1326 1
1321 1327 2
1321 1328 1
1322 1323 2
1322 1324 1
1322 1325 1
1322 1326 1
1322 1327 1
1322 1328 1
1323 1325 1
1324 1325 1
1324 1326 1
1324 1327 1
1324 1328 1
1325 1326 1
1325 1327 1
1325 1328 1
1326 1328 1
1327 1328 2
1329 1330 1
1329 1331 1
1332 1333 1
1332 1336 1
1332 1338 1
1333 1335 1
1333 1337 1
1333 1338 1
1334 1336 1
1334 1337 1
1334 1338 1
1335 1336 2
1335 1337 1
1335 1338 1
1336 1337 1
1336 1338 1
1337 1338 1
1339 1340 1
1339 1341 2
1339 1342 1
1340 1341 2
1340 1342 1
1343 1344 1
1343 1345 1
1343 1347 1
1343 1348 1
1343 1353 1
1343 1356 1
1344 1347 1
1344 1348 1
1344 1349 1
1344 1353 1
1344 1356 1
1344 1357 1
1345 1347 1
1345 1348 1
1345 1349 1
1345 1352 2
1345 1354 2
1345 1356 2
1345 1357 1
1347 1348 1
1347 1349 2
1347 1353 1
1347 1357 2
1348 1349 1
1348 1352 1
1348 1353 1
1348 1354 1
1348 1357 1
1349 1352 1
1349 1353 1
1349 1354 2
1349 1356 1
1349 1357 1
1352 1353 1
1352 1354 1
1352 1357 1
1353 1356 1
1353 1357 1
1356 1357 1
