0 499 1
0 793 1
0 878 1
1 2 1
1 6 1
1 8 1
1 13 1
1 16 1
1 17 1
1 22 1
1 28 1
2 8 1
2 13 1
2 14 1
2 16 1
2 17 1
2 28 1
2 29 1
3 41 2
3 67 1
3 101 2
3 151 1
3 259 1
3 262 2
3 357 1
3 485 1
3 487 1
3 619 1
3 762 1
3 785 1
3 796 1
3 825 1
3 873 1
3 933 1
5 164 1
5 175 1
5 187 1
5 250 2
5 274 1
5 292 1
5 298 1
5 323 1
5 325 1
5 333 1
5 396 1
5 442 1
5 498 1
5 558 1
5 604 1
5 679 1
5 725 1
5 736 1
5 758 1
5 765 1
5 783 1
5 836 1
5 903 1
5 915 1
5 994 1
6 8 1
6 13 1
6 14 1
6 17 2
6 22 1
7 396 2
7 692 2
7 942 1
8 12 1
8 13 1
8 14 1
8 17 1
8 28 1
9 101 1
9 199 1
9 214 1
9 220 1
9 329 1
9 346 1
9 394 1
9 465 1
9 643 1
9 730 2
9 789 1
9 845 1
9 913 1
10 339 1
10 445 1
10 492 1
10 709 1
11 23 1
11 196 1
11 236 1
11 678 1
11 734 1
11 746 1
11 786 1
11 813 1
11 925 1
11 930 1
11 949 1
11 962 1
12 13 1
12 14 1
12 16 1
12 17 1
12 22 2
12 28 1
12 29 1
13 16 1
13 29 1
14 16 1
14 17 1
14 22 1
14 28 2
14 29 1
15 620 1
15 771 1
15 852 1
16 17 1
16 22 2
16 28 1
16 29 1
17 28 1
17 29 1
18 279 1
18 557 1
18 626 1
19 101 1
19 214 1
19 335 1
19 437 1
19 568 3
19 738 2
19 765 1
20 62 1
21 35 1
21 36 1
21 493 2
23 196 1
23 236 1
23 263 1
23 334 1
23 408 1
23 734 1
23 771 2
23 786 2
23 813 1
23 925 1
23 930 1
23 949 1
24 106 1
24 240 1
24 366 1
24 418 1
24 476 1
24 505 2
24 849 1
24 852 2
24 879 1
24 964 1
25 360 1
25 642 1
25 828 1
25 896 1
25 932 1
26 839 1
27 128 2
27 213 1
27 293 1
27 784 1
27 831 1
28 29 1
30 68 1
30 225 1
30 373 1
30 430 1
30 531 1
30 535 1
30 575 1
30 620 1
30 668 1
30 709 1
30 755 2
30 781 1
30 814 1
30 997 1
31 68 1
31 394 2
31 571 1
31 765 1
31 780 1
32 311 1
32 406 1
32 436 1
32 485 1
32 591 1
33 54 1
33 106 1
33 144 1
33 175 1
33 187 1
33 254 1
33 274 1
33 298 1
33 323 1
33 325 1
33 396 1
33 416 1
33 453 1
33 498 1
33 546 1
33 558 1
33 604 1
33 676 1
33 725 1
33 779 1
33 783 1
33 842 1
33 915 1
33 994 1
34 38 2
35 493 1
36 493 1
37 38 1
39 60 1
39 86 1
39 173 1
39 205 1
39 251 1
39 291 1
39 315 1
39 397 1
39 454 1
39 477 1
39 483 1
39 604 1
39 671 1
39 946 1
39 993 1
40 42 1
40 43 1
41 67 3
41 71 2
41 97 1
41 101 1
41 109 1
41 185 1
41 222 1
41 249 1
41 259 1
41 262 2
41 357 1
41 426 1
41 476 1
41 485 1
41 487 2
41 531 1
41 616 1
41 619 1
41 642 1
41 717 1
41 762 1
41 770 1
41 780 1
41 785 1
41 795 1
41 796 1
41 825 2
41 894 1
41 921 1
41 933 1
41 962 1
41 975 1
41 990 1
44 209 2
44 259 1
44 434 1
44 457 1
44 462 1
44 481 1
44 727 1
44 742 2
44 936 1
44 966 1
44 981 1
45 134 1
45 144 1
45 150 1
45 152 1
45 194 1
45 256 1
45 259 1
45 323 1
45 338 1
45 431 1
45 438 1
45 642 1
45 711 1
45 881 1
45 908 1
46 173 1
47 316 1
48 50 1
48 53 1
48 55 1
48 56 1
48 70 1
48 73 1
48 75 1
48 78 1
48 81 1
48 83 1
48 89 1
48 90 1
48 98 1
48 107 2
49 153 1
49 344 1
49 355 1
49 379 1
49 486 1
49 537 1
49 577 2
49 651 2
49 733 1
49 950 1
49 968 1
50 55 1
50 58 1
50 59 1
50 66 1
50 73 1
50 78 1
50 79 1
50 81 1
50 83 1
50 90 1
50 94 2
50 95 1
50 107 1
51 68 1
51 92 1
51 97 1
51 101 1
51 126 1
51 225 1
51 274 1
51 373 1
51 410 2
51 446 1
51 575 1
51 585 1
51 598 1
51 620 1
51 670 1
51 814 2
51 821 1
51 914 1
51 970 1
51 991 1
51 994 1
52 53 1
52 55 1
52 56 1
52 58 1
52 59 1
52 66 1
52 73 2
52 78 1
52 79 1
52 81 1
52 89 1
52 91 2
52 95 1
52 98 1
53 55 1
53 58 1
53 59 1
53 66 1
53 73 2
53 79 1
53 81 1
53 83 1
53 89 1
53 90 1
53 91 1
53 94 1
53 98 1
53 107 1
54 57 1
54 67 1
54 106 1
54 125 1
54 139 1
54 164 1
54 175 1
54 187 1
54 191 1
54 195 1
54 275 1
54 292 1
54 298 1
54 317 1
54 319 1
54 324 1
54 325 1
54 330 1
54 333 1
54 347 1
54 386 1
54 392 1
54 396 1
54 416 1
54 420 1
54 427 1
54 498 1
54 527 1
54 551 1
54 602 1
54 646 2
54 648 1
54 669 1
54 676 1
54 779 1
54 783 1
54 808 1
54 831 1
54 881 1
54 900 1
54 903 2
54 919 1
54 924 1
54 994 1
55 56 1
55 58 1
55 59 1
55 66 2
55 70 2
55 73 1
55 75 1
55 78 1
55 83 1
55 89 1
55 90 1
55 91 1
55 94 1
55 95 1
55 98 1
55 107 1
56 58 1
56 66 1
56 70 1
56 73 1
56 75 1
56 79 1
56 83 1
56 90 1
56 94 1
56 98 2
56 107 1
57 102 1
57 106 1
57 164 1
57 175 1
57 187 1
57 292 1
57 298 1
57 314 1
57 323 1
57 325 1
57 333 1
57 392 1
57 396 2
57 453 1
57 498 1
57 546 1
57 558 2
57 676 1
57 679 1
57 736 2
57 750 1
57 758 2
57 783 1
57 836 1
57 881 1
57 903 1
57 915 1
57 939 1
58 59 1
58 70 1
58 73 1
58 78 1
58 79 1
58 81 1
58 83 1
58 89 1
58 90 1
58 91 1
58 95 1
58 98 1
59 70 1
59 73 1
59 75 1
59 83 1
59 89 1
59 91 1
59 94 1
59 95 1
59 98 1
59 107 1
60 68 2
60 86 1
60 205 2
60 251 1
60 291 1
60 397 1
60 454 1
60 457 1
60 477 1
60 946 1
60 993 1
61 102 1
61 447 1
61 459 1
61 540 1
62 726 1
63 93 1
63 307 1
63 469 1
63 507 2
63 525 1
63 579 1
63 639 1
63 827 1
63 961 1
63 968 1
64 624 1
65 92 1
65 113 1
65 217 1
65 316 1
65 329 1
65 384 1
65 393 1
65 421 2
65 428 1
65 574 1
65 650 1
65 755 2
65 881 2
66 70 1
66 75 1
66 79 1
66 83 1
66 89 1
66 90 1
66 91 1
66 98 1
66 107 1
67 88 1
67 101 1
67 139 1
67 151 1
67 169 1
67 185 1
67 195 3
67 210 2
67 249 1
67 319 1
67 347 2
67 357 1
67 386 2
67 420 1
67 426 1
67 463 1
67 476 1
67 515 1
67 527 3
67 717 1
67 754 1
67 762 1
67 765 1
67 770 1
67 785 1
67 795 2
67 825 2
67 828 2
67 837 1
67 873 1
67 924 1
67 928 2
67 933 1
68 86 1
68 101 1
68 125 1
68 130 1
68 173 1
68 205 1
68 225 1
68 251 2
68 260 1
68 291 2
68 315 1
68 373 1
68 375 1
68 392 1
68 397 2
68 410 1
68 427 1
68 430 1
68 454 1
68 483 1
68 571 1
68 575 2
68 602 1
68 646 1
68 669 2
68 671 1
68 765 1
68 780 1
68 808 1
68 814 1
68 831 1
68 971 1
68 993 1
69 194 1
69 269 1
69 326 1
69 724 1
69 855 1
70 75 1
70 78 1
70 81 1
70 91 1
70 94 1
70 98 1
70 107 1
71 249 2
71 262 1
71 357 1
71 359 2
71 397 1
71 426 2
71 476 1
71 485 2
71 487 1
71 531 1
71 619 1
71 762 1
71 770 1
71 785 2
71 795 1
71 825 1
71 873 1
71 928 1
71 962 2
72 246 1
72 323 1
73 75 1
73 83 1
73 91 1
74 360 1
74 505 2
74 788 1
74 814 2
74 869 1
75 78 1
75 79 1
75 81 1
75 83 1
75 89 1
75 90 2
75 91 1
75 94 1
75 95 1
75 98 1
75 107 1
76 211 1
76 770 1
77 87 1
77 421 1
77 830 1
77 890 1
77 908 1
78 79 1
78 81 1
78 90 1
78 95 1
78 98 1
78 107 1
79 81 1
79 91 1
79 94 1
79 107 1
80 100 1
80 232 2
80 643 2
80 998 1
81 91 1
81 94 1
81 95 1
82 160 1
82 662 1
82 940 1
82 957 1
83 90 1
83 95 1
83 98 1
83 107 1
84 119 1
84 168 2
84 195 1
84 252 1
84 289 2
84 316 1
84 323 2
84 449 1
84 478 1
84 534 1
84 566 1
84 591 1
84 599 1
84 628 1
84 698 1
84 885 2
84 958 1
85 111 1
85 243 2
85 293 1
85 345 1
85 393 1
85 415 1
85 521 2
85 604 1
85 757 1
85 833 1
85 950 2
86 144 1
86 152 1
86 173 1
86 194 1
86 205 1
86 251 1
86 291 1
86 320 1
86 397 1
86 438 1
86 454 1
86 477 1
86 516 1
86 636 1
86 642 1
86 671 1
86 711 1
86 946 1
86 993 1
87 230 1
87 421 1
87 644 1
87 697 1
87 830 1
87 890 1
87 893 2
87 908 1
88 169 1
88 210 1
88 329 1
88 547 1
88 669 2
88 837 1
88 872 1
89 90 1
89 91 1
89 94 1
90 94 1
90 95 1
90 98 1
90 107 1
91 94 1
91 95 1
91 98 1
91 107 1
92 97 1
92 163 1
92 329 1
92 384 1
92 428 1
92 446 1
92 574 1
92 682 1
92 962 1
92 970 1
92 991 2
92 994 1
93 161 1
93 272 1
93 307 1
93 386 1
93 469 2
93 507 1
93 827 1
93 961 1
93 968 1
94 95 1
95 107 1
96 165 1
96 211 1
96 308 1
96 543 1
96 934 1
97 109 1
97 163 1
97 185 1
97 222 1
97 274 1
97 465 1
97 642 1
97 682 1
97 821 1
97 914 1
97 921 1
97 962 1
97 991 1
97 994 1
98 107 1
99 249 1
99 281 1
99 755 1
100 643 1
101 151 1
101 249 1
101 373 2
101 397 1
101 421 1
101 426 1
101 430 1
101 485 1
101 487 1
101 531 1
101 575 1
101 616 1
101 619 2
101 668 1
101 717 1
101 762 1
101 765 1
101 770 1
101 789 1
101 795 1
101 873 1
101 928 2
101 933 1
102 323 1
102 447 1
102 459 2
102 466 1
102 531 1
102 540 1
102 942 2
102 967 2
102 970 1
103 457 2
103 532 1
103 554 2
103 958 1
104 282 1
104 343 1
104 377 1
104 414 2
104 442 1
104 461 1
104 626 1
104 648 1
104 669 2
104 679 2
104 824 1
104 975 1
105 398 1
105 789 1
106 144 2
106 157 1
106 175 1
106 176 1
106 187 1
106 240 1
106 250 1
106 274 1
106 276 1
106 292 1
106 314 1
106 323 1
106 324 1
106 325 1
106 333 1
106 358 1
106 366 1
106 392 1
106 396 1
106 476 1
106 498 2
106 505 1
106 546 1
106 599 1
106 624 1
106 676 1
106 678 2
106 736 1
106 758 1
106 773 1
106 777 1
106 779 1
106 836 1
106 839 1
106 842 1
106 844 1
106 846 1
106 849 1
106 852 2
106 870 1
106 879 1
106 900 1
106 903 2
106 915 1
106 939 1
106 964 1
106 994 1
108 112 1
108 115 1
109 185 1
109 642 1
109 780 1
109 894 2
109 921 1
109 975 1
109 990 1
110 112 1
111 839 2
112 115 1
113 217 1
113 316 1
114 388 1
114 452 1
114 674 1
114 971 1
116 163 1
116 630 1
117 192 2
117 231 1
117 352 1
117 376 1
117 488 1
117 854 1
117 926 2
118 120 1
119 168 1
119 289 1
120 121 1
122 123 1
122 127 1
122 133 1
123 127 1
123 131 1
124 715 1
125 215 1
125 367 1
125 375 1
125 392 1
125 427 1
125 646 1
125 669 1
125 796 1
125 808 1
125 831 1
125 842 1
125 894 1
125 900 2
125 956 1
125 971 1
126 510 1
126 511 1
126 670 1
127 131 1
127 133 2
128 175 1
128 213 1
128 293 1
128 784 1
128 831 1
129 405 1
129 736 1
130 246 1
130 323 2
131 133 2
132 223 1
132 488 1
132 956 1
134 144 1
134 150 1
134 152 1
134 194 1
134 256 1
134 259 1
134 320 1
134 323 1
134 338 1
134 516 1
134 636 1
134 642 1
134 711 1
135 201 1
135 232 2
135 547 1
136 387 1
137 138 1
137 141 1
138 140 1
138 141 1
139 185 1
139 195 2
139 275 1
139 347 1
139 386 2
139 420 2
139 527 2
139 682 1
139 828 1
139 858 1
139 919 1
142 521 1
142 950 1
143 250 1
143 963 1
144 150 1
144 175 1
144 187 1
144 194 1
144 250 1
144 259 1
144 274 1
144 292 2
144 323 1
144 325 1
144 392 1
144 396 1
144 438 2
144 442 1
144 516 1
144 546 1
144 558 1
144 604 1
144 636 2
144 642 1
144 679 1
144 711 1
144 725 1
144 736 1
144 758 1
144 836 1
144 842 1
144 908 1
144 915 1
145 147 1
145 156 1
146 210 1
146 211 1
146 912 1
147 154 1
147 156 1
148 380 1
148 435 1
148 989 1
149 185 2
149 275 1
149 317 1
149 319 2
149 330 1
149 386 1
149 403 1
149 473 1
149 484 1
149 527 1
149 704 1
150 152 1
150 194 1
150 256 1
150 259 2
150 320 1
150 338 1
150 493 2
150 516 1
150 636 1
150 642 1
150 646 1
150 692 1
151 249 1
151 259 2
151 262 1
151 359 2
151 397 1
151 426 1
151 485 1
151 487 1
151 531 1
151 616 1
151 770 1
151 785 2
151 825 1
151 873 1
151 928 1
151 962 1
152 256 1
152 323 1
152 338 2
152 438 1
152 642 1
153 200 1
153 247 1
153 344 1
153 352 1
153 355 1
153 379 1
153 486 1
153 577 1
153 673 1
153 733 1
153 950 2
153 968 1
154 156 1
155 458 1
157 325 1
157 624 1
157 900 1
158 159 2
158 162 1
158 178 2
159 162 1
159 178 1
160 666 1
160 677 1
160 745 2
160 940 1
160 957 1
161 172 1
161 272 1
161 386 1
161 548 1
161 734 1
162 167 1
162 178 1
163 274 1
163 446 1
163 577 1
163 585 1
163 770 1
163 808 1
163 821 2
163 962 1
163 970 1
163 991 3
164 175 1
164 274 1
164 292 1
164 298 2
164 324 1
164 325 2
164 396 1
164 546 2
164 558 1
164 604 1
164 676 1
164 679 1
164 736 1
164 783 2
164 836 1
164 842 1
164 903 1
164 915 1
164 939 1
164 994 1
165 211 1
165 308 1
165 543 1
165 865 1
166 173 1
168 289 1
168 698 1
169 210 1
169 515 1
169 765 1
170 375 1
170 752 1
170 894 2
171 187 1
171 563 1
172 197 1
172 548 1
172 734 1
172 861 1
172 866 1
172 882 1
172 943 1
173 291 1
173 397 1
173 477 1
173 483 1
173 817 1
173 946 1
173 993 1
174 553 1
174 803 1
174 813 2
175 213 1
175 250 2
175 262 1
175 298 1
175 314 3
175 323 2
175 324 1
175 325 2
175 333 1
175 363 1
175 392 1
175 396 2
175 416 1
175 442 1
175 453 2
175 498 1
175 546 1
175 558 1
175 604 1
175 676 1
175 679 1
175 725 1
175 736 1
175 749 1
175 779 1
175 783 1
175 784 2
175 831 1
175 836 1
175 842 1
175 904 2
175 915 1
176 227 1
176 298 1
176 358 1
176 453 1
176 536 1
176 543 1
176 599 1
176 678 1
176 773 1
176 846 1
176 934 1
177 327 1
177 328 2
177 369 1
177 628 1
179 189 1
180 497 1
180 571 1
181 282 1
181 376 1
181 387 1
181 541 1
181 548 1
181 559 1
181 571 1
181 596 1
181 603 2
181 687 2
181 690 1
181 705 1
181 736 1
181 781 1
181 792 1
181 793 1
181 828 1
181 928 2
181 951 2
182 987 1
183 189 1
184 300 1
184 417 1
184 712 2
184 743 1
184 779 1
185 195 1
185 275 1
185 347 1
185 465 2
185 551 1
185 642 1
185 780 1
185 894 1
185 924 1
185 975 1
185 990 1
186 209 2
186 248 1
186 321 1
186 380 1
186 822 1
186 835 1
186 948 1
187 250 1
187 274 1
187 298 2
187 323 1
187 324 1
187 325 1
187 333 1
187 392 1
187 396 1
187 416 1
187 442 1
187 498 1
187 546 1
187 558 1
187 563 1
187 604 1
187 676 1
187 679 1
187 725 1
187 736 2
187 758 1
187 783 1
187 836 1
187 842 1
187 862 1
187 903 1
188 279 1
188 439 1
188 837 1
188 955 1
188 993 1
190 487 1
190 776 1
190 781 2
191 648 1
192 315 2
192 783 1
193 198 1
193 202 2
193 206 1
194 256 1
194 323 1
194 326 1
194 338 1
194 438 1
194 473 1
194 489 1
194 519 1
194 667 1
194 711 1
194 724 1
194 746 1
194 855 1
194 908 1
194 941 1
195 252 1
195 275 1
195 319 2
195 323 1
195 330 1
195 357 1
195 386 1
195 414 2
195 420 1
195 469 1
195 475 3
195 478 1
195 527 2
195 545 1
195 566 1
195 591 2
195 595 1
195 599 1
195 809 1
195 828 1
195 869 1
195 885 2
195 958 1
196 236 1
196 263 1
196 334 1
196 408 1
196 610 1
196 709 1
196 734 1
196 741 1
196 746 1
196 925 2
197 548 1
197 660 1
197 734 1
197 861 1
198 206 1
199 205 1
199 220 1
199 300 1
199 308 1
199 313 2
199 353 1
199 417 1
199 594 1
199 706 1
199 712 1
199 730 1
199 808 1
199 918 1
200 247 1
200 352 1
200 769 1
200 927 1
202 206 1
203 320 1
203 868 1
203 987 1
204 394 1
205 251 1
205 291 1
205 313 1
205 315 1
205 353 1
205 464 1
205 467 1
205 477 1
205 546 1
205 577 1
205 594 1
205 655 1
205 671 1
205 706 1
205 755 1
205 808 1
205 840 1
205 918 1
205 946 1
205 993 1
207 216 1
207 219 2
208 290 1
208 827 2
208 863 1
208 870 1
209 222 2
209 257 1
209 259 1
209 310 2
209 321 1
209 434 1
209 442 1
209 457 2
209 462 1
209 481 1
209 548 1
209 598 1
209 822 1
209 835 2
209 861 1
209 936 1
209 943 1
209 981 1
210 211 1
210 282 1
210 313 1
210 349 1
210 353 1
210 594 1
210 744 1
210 765 1
210 817 1
210 837 1
211 308 1
211 321 1
211 392 1
211 499 1
211 543 1
211 770 1
211 912 1
211 934 1
212 397 1
213 293 1
213 784 1
213 831 1
213 955 1
214 346 1
214 437 1
214 568 1
214 765 1
214 789 1
215 367 1
215 685 1
215 842 1
216 218 1
217 316 1
217 393 1
220 499 2
220 599 1
220 730 1
220 913 1
221 224 1
221 228 1
221 233 1
221 235 1
221 238 1
222 465 1
222 548 1
222 642 2
222 660 1
222 734 1
222 861 1
222 894 2
222 943 2
222 975 1
222 990 1
223 488 1
223 956 1
224 228 1
224 233 1
224 235 2
224 238 1
225 373 1
225 421 1
225 430 1
225 668 1
225 814 1
225 898 1
226 292 1
226 293 1
226 363 1
226 650 1
227 358 1
227 599 1
227 678 1
227 803 1
228 235 1
228 238 2
228 239 1
229 434 1
229 573 1
229 585 1
229 689 1
229 944 1
229 987 1
230 237 1
230 421 1
230 644 1
230 697 2
230 830 1
230 893 1
230 908 1
231 355 1
231 488 1
231 517 1
231 583 1
231 650 1
231 827 1
231 854 1
232 519 1
232 547 1
232 612 1
232 718 1
232 998 1
233 235 1
233 238 1
234 602 1
234 786 1
234 830 1
234 977 1
235 239 1
236 263 1
236 334 1
236 764 1
236 786 1
236 813 1
236 930 2
236 949 1
236 962 1
238 239 1
240 366 2
240 367 1
240 376 2
240 418 1
240 505 1
240 699 1
240 879 1
240 964 1
241 244 1
241 253 1
242 347 1
242 954 2
242 995 2
243 393 1
243 415 2
243 757 2
243 826 1
243 845 1
243 977 1
244 258 1
244 261 1
245 413 1
245 423 1
245 643 1
245 668 3
245 723 1
245 792 1
247 352 1
247 927 1
248 321 1
248 515 1
248 583 1
248 641 1
248 822 1
248 835 2
249 259 1
249 359 2
249 383 1
249 397 1
249 426 1
249 485 1
249 531 1
249 619 1
249 717 1
249 770 1
249 785 1
249 795 1
249 796 1
249 825 1
249 873 1
249 962 1
250 274 1
250 292 2
250 298 1
250 323 1
250 325 2
250 333 1
250 392 1
250 396 1
250 453 1
250 498 1
250 507 1
250 558 1
250 604 2
250 679 1
250 725 1
250 736 1
250 783 1
250 836 1
250 842 1
250 881 2
250 903 1
250 915 1
251 315 2
251 397 1
251 477 1
251 483 1
251 604 1
251 817 1
251 993 1
252 316 1
252 323 1
252 449 1
252 534 1
252 599 1
252 628 1
252 885 1
252 958 1
253 258 1
254 386 1
255 296 1
256 259 1
256 266 1
256 320 1
256 323 1
256 338 1
256 438 1
256 636 1
256 711 1
256 908 1
257 259 2
257 310 1
257 442 1
257 457 1
257 481 1
257 727 1
257 742 2
257 936 1
257 966 1
257 981 1
258 261 1
259 310 1
259 323 1
259 338 1
259 357 1
259 434 1
259 438 2
259 442 1
259 481 1
259 485 1
259 487 1
259 516 1
259 531 1
259 616 1
259 619 1
259 762 1
259 770 1
259 785 1
259 795 1
259 796 1
259 825 1
259 933 1
259 936 2
259 966 1
259 981 1
260 427 2
260 669 2
260 796 2
260 808 1
260 900 1
260 971 1
262 357 1
262 359 1
262 363 1
262 397 1
262 426 2
262 476 1
262 485 1
262 487 1
262 531 1
262 616 1
262 619 1
262 693 2
262 717 1
262 749 2
262 762 1
262 785 2
262 795 1
262 825 1
262 873 1
262 904 1
262 928 1
262 962 2
263 408 1
263 734 1
263 764 1
263 786 1
263 813 1
263 925 1
263 949 1
263 962 2
264 478 1
265 465 1
265 631 1
265 637 1
265 690 1
265 698 1
265 958 1
267 360 1
268 273 1
268 278 1
268 280 1
269 326 1
269 519 1
269 746 1
269 832 1
269 941 1
270 273 2
270 278 1
270 280 1
271 286 1
271 579 1
271 583 1
271 780 1
272 386 1
274 314 2
274 323 1
274 325 1
274 396 2
274 416 1
274 446 1
274 453 1
274 546 1
274 558 1
274 585 2
274 604 1
274 679 1
274 725 2
274 736 2
274 758 1
274 783 1
274 836 1
274 881 1
274 915 1
274 939 1
274 962 1
274 970 1
274 991 1
274 994 2
275 317 1
275 319 1
275 330 1
275 347 1
275 386 1
275 527 1
275 551 1
275 828 1
275 919 1
277 650 2
277 876 1
279 439 1
279 837 1
279 955 1
279 959 2
279 993 2
281 397 1
281 411 1
281 418 1
281 449 2
281 755 2
281 775 1
281 902 1
281 974 1
282 313 1
282 314 1
282 343 1
282 349 1
282 367 1
282 377 1
282 414 2
282 442 1
282 467 1
282 546 1
282 548 1
282 562 1
282 594 1
282 603 1
282 626 1
282 648 1
282 661 1
282 669 1
282 679 1
282 687 1
282 755 1
282 770 1
282 788 1
282 798 1
282 817 1
282 853 1
282 918 1
282 951 2
283 342 2
283 405 1
283 475 1
283 633 1
283 656 2
283 745 2
284 285 2
284 288 1
284 294 1
284 301 1
284 303 1
285 288 1
285 294 2
285 301 1
285 302 1
285 304 1
286 500 1
286 531 1
286 951 2
287 317 1
288 303 1
289 698 1
290 863 1
291 315 1
291 454 2
291 477 1
291 604 2
291 671 1
291 946 2
291 993 1
292 314 1
292 323 1
292 324 2
292 325 1
292 355 1
292 392 1
292 416 1
292 442 1
292 453 1
292 558 2
292 583 1
292 650 2
292 676 2
292 679 1
292 725 1
292 736 1
292 779 1
292 783 1
292 827 1
292 842 1
292 881 1
292 903 1
292 939 1
293 415 1
293 784 1
294 301 1
294 303 1
295 651 1
295 688 1
295 965 1
296 553 2
297 977 1
298 314 1
298 323 2
298 324 1
298 325 1
298 358 2
298 396 1
298 416 1
298 442 1
298 453 1
298 498 1
298 536 1
298 558 2
298 599 2
298 604 1
298 678 2
298 679 1
298 725 2
298 736 2
298 758 1
298 773 2
298 779 2
298 803 1
298 836 1
298 839 1
298 842 1
298 846 1
298 881 1
298 903 1
298 939 2
298 994 2
299 718 1
300 417 1
300 712 2
300 732 1
300 743 2
300 749 2
300 779 1
300 817 1
300 870 1
301 302 1
301 303 1
302 303 1
302 304 1
303 304 1
305 318 2
305 322 1
306 622 1
306 869 1
307 469 2
307 507 1
307 827 1
307 961 1
307 968 1
308 355 1
308 543 1
308 704 1
308 712 2
308 779 1
308 817 1
308 934 2
309 508 2
309 689 1
309 706 2
309 864 1
310 434 1
310 442 1
310 457 1
310 462 1
310 727 1
310 742 1
310 936 1
310 966 1
311 406 2
311 436 1
311 485 1
311 589 1
311 635 1
311 646 1
311 692 1
311 908 1
312 341 2
312 470 1
312 504 1
312 548 1
312 632 1
312 756 1
312 794 1
313 349 1
313 353 1
313 467 1
313 594 1
313 706 1
313 714 1
313 755 1
313 808 2
313 823 1
313 853 1
313 918 1
314 325 1
314 333 2
314 343 1
314 345 2
314 377 1
314 396 1
314 414 1
314 441 1
314 442 1
314 453 1
314 558 1
314 580 1
314 604 1
314 626 1
314 648 1
314 661 2
314 679 1
314 736 1
314 770 1
314 779 1
314 824 1
314 836 1
314 842 1
314 864 2
314 881 2
314 903 1
314 915 1
315 397 1
315 454 2
315 477 1
315 483 1
315 604 1
315 671 1
315 817 1
315 946 1
315 993 2
316 393 1
316 449 1
316 461 1
316 478 1
316 534 1
316 599 1
316 628 1
316 647 1
316 885 1
316 894 2
317 319 1
317 330 1
317 347 1
317 362 1
317 508 1
317 527 2
317 561 1
317 582 1
317 757 1
317 794 1
317 828 1
317 919 1
317 924 1
317 997 1
319 342 2
319 347 1
319 405 1
319 420 1
319 475 1
319 527 1
319 551 1
319 633 1
319 656 1
319 745 1
319 828 2
319 919 1
319 924 1
320 323 1
320 338 2
320 516 1
320 532 1
320 636 1
320 642 1
320 711 1
320 908 1
320 987 1
321 358 2
321 380 1
321 392 1
321 822 1
321 848 1
323 325 1
323 333 1
323 338 1
323 416 1
323 438 1
323 449 1
323 453 1
323 478 1
323 516 1
323 534 1
323 558 1
323 566 1
323 604 1
323 628 1
323 642 1
323 679 1
323 711 1
323 725 1
323 736 1
323 779 1
323 836 2
323 842 1
323 862 1
323 881 1
323 885 1
323 903 2
323 908 1
323 915 1
323 939 1
323 958 1
323 994 1
324 325 1
324 396 1
324 416 1
324 442 1
324 453 1
324 498 1
324 546 2
324 679 1
324 725 2
324 783 1
324 836 1
324 842 1
324 881 1
324 903 1
325 333 2
325 392 1
325 416 1
325 442 1
325 453 1
325 498 1
325 558 2
325 624 1
325 676 1
325 679 1
325 736 2
325 779 1
325 783 1
325 836 1
325 842 2
325 881 2
325 900 1
325 903 1
325 915 1
326 404 1
326 513 1
326 519 1
326 724 1
326 746 1
326 832 1
326 894 1
326 941 1
327 628 1
327 944 1
328 628 1
328 944 1
329 346 1
329 384 1
329 428 1
329 547 1
329 574 1
329 643 1
329 755 2
329 814 1
329 872 1
330 347 1
330 386 1
330 420 2
330 446 1
330 527 2
330 551 1
330 924 1
331 336 1
331 337 1
333 396 2
333 416 1
333 442 1
333 453 1
333 546 1
333 558 1
333 604 1
333 679 2
333 758 2
333 779 1
333 836 1
333 842 2
333 881 1
333 915 1
333 924 1
333 994 2
334 408 2
334 678 1
334 734 1
334 746 1
334 771 1
334 813 2
334 930 1
334 962 1
335 738 1
338 438 1
338 636 1
338 642 2
339 902 1
339 990 1
340 351 1
341 527 1
341 594 1
341 794 1
341 906 1
342 475 1
342 633 1
342 656 1
342 745 1
343 414 1
343 461 1
343 580 1
343 648 1
343 661 1
343 669 1
343 679 1
343 770 1
343 788 1
343 824 1
343 975 1
344 486 2
344 577 1
344 651 1
344 673 1
344 713 1
344 968 1
345 362 1
345 396 1
345 414 2
345 441 1
345 521 2
345 604 1
345 692 1
345 833 1
345 864 1
345 942 1
345 950 2
346 814 1
346 845 1
346 889 1
346 935 1
347 386 2
347 527 1
347 551 2
347 828 1
347 919 1
347 924 1
347 954 1
347 995 1
348 440 2
348 693 1
349 353 1
349 467 1
349 546 1
349 706 1
349 808 1
349 823 1
350 354 1
351 354 1
352 376 1
352 769 1
352 927 1
353 384 1
353 467 1
353 534 1
353 546 1
353 808 1
353 817 1
353 823 1
353 866 1
353 888 1
355 537 1
355 577 1
355 650 1
355 704 1
355 733 1
355 827 1
355 950 1
355 968 1
356 365 1
357 359 1
357 368 1
357 397 1
357 417 1
357 475 1
357 487 1
357 616 1
357 619 1
357 795 1
357 796 2
357 928 1
357 933 1
358 392 1
358 453 1
358 499 2
358 678 1
358 770 1
358 773 1
358 803 2
358 826 1
359 426 1
359 476 1
359 485 2
359 487 1
359 531 2
359 616 1
359 619 1
359 762 2
359 770 1
359 785 1
359 795 1
359 873 2
359 928 1
359 933 1
359 962 2
360 420 2
360 429 1
360 483 2
360 505 1
360 703 1
360 727 1
360 734 1
360 746 1
360 788 1
360 869 1
360 904 1
360 932 1
360 977 1
361 625 1
362 367 1
362 508 1
362 599 1
362 692 1
362 792 1
362 794 1
362 942 1
363 693 2
363 749 1
364 409 1
365 371 1
366 397 1
366 418 1
366 476 1
366 505 1
366 758 1
366 777 1
366 828 1
366 849 1
366 852 1
366 964 1
367 376 1
367 562 2
367 599 1
367 603 1
367 685 1
367 687 1
367 736 1
367 792 1
367 798 1
367 914 1
367 932 1
367 951 1
367 956 1
368 475 1
369 944 1
372 374 1
372 381 2
372 382 1
372 385 1
372 389 1
372 391 1
372 400 1
372 402 1
372 412 1
372 419 1
372 422 1
372 425 2
372 432 1
372 443 1
372 448 2
372 460 1
372 472 1
372 479 1
372 480 1
372 490 1
372 491 1
372 494 2
372 495 1
372 496 1
372 502 1
372 503 1
372 506 1
372 509 1
372 512 2
372 514 1
372 518 1
372 528 1
372 530 1
372 538 1
372 539 2
372 542 1
372 549 1
373 421 1
374 378 1
374 385 1
374 390 1
374 402 1
374 407 1
374 419 1
374 422 1
374 425 1
374 432 1
374 433 1
374 443 1
374 448 1
374 451 1
374 460 1
374 472 1
374 474 1
374 479 1
374 494 2
374 495 1
374 496 1
374 501 1
374 503 1
374 506 1
374 509 1
374 514 1
374 518 1
374 526 1
374 528 2
374 530 1
374 533 1
374 538 2
374 544 1
374 549 1
375 427 1
375 602 1
375 646 1
375 752 1
375 796 1
375 808 1
375 831 1
375 894 1
375 971 1
376 484 1
376 541 1
376 552 1
376 596 1
376 652 1
376 699 1
376 705 1
376 748 1
376 792 2
376 828 1
376 928 1
377 387 1
377 414 1
377 442 1
377 461 2
377 580 1
377 626 1
377 648 1
377 669 2
377 679 1
377 770 1
377 788 1
377 824 2
377 975 1
378 381 1
378 382 1
378 389 1
378 390 1
378 391 1
378 395 1
378 400 1
378 407 1
378 422 1
378 425 1
378 433 1
378 451 1
378 474 1
378 479 1
378 480 1
378 490 1
378 491 2
378 496 1
378 509 1
378 514 1
378 518 1
378 522 1
378 526 1
378 528 1
378 539 1
378 544 1
378 549 1
379 537 1
379 577 2
379 968 1
380 435 1
380 835 1
380 865 2
380 948 1
381 382 1
381 385 2
381 389 2
381 390 1
381 391 1
381 395 2
381 400 1
381 402 1
381 407 1
381 412 1
381 424 1
381 432 2
381 433 1
381 443 1
381 448 2
381 460 2
381 468 1
381 472 1
381 474 1
381 479 1
381 490 1
381 491 1
381 494 2
381 495 1
381 496 1
381 503 1
381 506 1
381 509 1
381 512 1
381 514 1
381 522 1
381 528 1
381 530 2
381 533 1
381 542 1
381 544 1
381 549 1
382 391 1
382 400 1
382 412 1
382 419 1
382 422 1
382 424 1
382 425 1
382 432 1
382 433 1
382 443 2
382 448 1
382 472 1
382 479 1
382 480 1
382 490 1
382 491 1
382 494 1
382 495 1
382 496 1
382 502 1
382 506 1
382 509 1
382 514 1
382 518 1
382 522 1
382 533 1
382 538 1
382 539 1
382 542 1
382 549 1
383 936 1
384 428 1
384 525 1
384 574 1
384 755 1
384 872 2
384 888 1
385 389 1
385 395 1
385 400 1
385 402 1
385 407 1
385 412 1
385 419 1
385 425 1
385 432 1
385 433 2
385 451 1
385 460 2
385 468 2
385 472 1
385 474 2
385 490 2
385 491 1
385 494 1
385 496 1
385 501 1
385 503 2
385 506 1
385 512 2
385 518 1
385 522 1
385 528 1
385 533 1
385 538 2
385 539 1
385 542 2
385 544 1
385 549 1
386 420 1
386 527 1
386 551 1
386 811 1
386 897 1
387 541 1
387 559 1
387 596 1
387 650 1
387 652 1
387 792 1
387 793 1
387 828 1
388 767 1
388 869 2
388 971 1
389 391 1
389 395 1
389 400 1
389 402 1
389 407 2
389 419 1
389 422 1
389 432 1
389 433 1
389 443 1
389 460 1
389 474 1
389 480 1
389 490 1
389 491 1
389 495 1
389 496 1
389 502 1
389 503 1
389 509 1
389 512 1
389 514 1
389 522 2
389 538 1
389 539 1
389 544 1
390 391 1
390 395 1
390 400 1
390 402 1
390 424 1
390 425 2
390 448 1
390 451 1
390 468 1
390 474 1
390 479 1
390 480 1
390 490 1
390 491 1
390 495 2
390 501 1
390 502 1
390 509 1
390 512 1
390 514 1
390 518 1
390 526 1
390 528 1
390 530 1
390 533 1
390 538 1
390 539 1
390 542 1
390 544 1
390 549 1
391 395 1
391 402 1
391 412 1
391 422 2
391 425 1
391 432 1
391 433 1
391 443 1
391 468 1
391 472 1
391 474 1
391 479 1
391 480 1
391 490 1
391 494 1
391 501 1
391 502 1
391 503 1
391 506 1
391 509 1
391 512 1
391 514 1
391 518 1
391 526 2
391 528 1
391 530 1
391 533 1
391 539 1
391 542 1
391 544 1
391 549 1
392 396 1
392 416 1
392 427 1
392 442 1
392 453 1
392 464 2
392 498 1
392 499 1
392 546 1
392 577 1
392 604 1
392 646 1
392 669 1
392 676 1
392 679 1
392 725 1
392 758 1
392 779 2
392 783 1
392 796 1
392 831 1
392 842 1
392 915 1
392 939 1
393 418 1
393 461 1
393 757 1
393 894 1
394 571 2
394 765 1
394 787 1
394 913 1
395 400 1
395 402 1
395 407 1
395 412 2
395 419 1
395 422 1
395 424 1
395 432 1
395 451 1
395 460 1
395 468 2
395 472 1
395 479 1
395 491 1
395 495 1
395 496 1
395 501 1
395 506 1
395 518 1
395 526 1
395 528 2
395 530 1
395 538 1
395 539 1
395 542 1
395 544 1
395 549 1
396 453 1
396 498 1
396 558 1
396 604 1
396 676 1
396 679 2
396 692 3
396 725 1
396 736 1
396 758 1
396 779 1
396 836 2
396 903 1
396 939 1
396 994 2
397 411 1
397 413 1
397 426 1
397 454 1
397 476 1
397 477 1
397 483 1
397 485 2
397 487 2
397 531 1
397 604 1
397 616 1
397 619 1
397 671 1
397 717 1
397 770 1
397 775 1
397 785 1
397 796 1
397 817 1
397 928 1
397 933 1
397 962 1
397 993 1
398 789 1
399 656 1
400 402 1
400 407 1
400 412 1
400 419 1
400 422 1
400 424 1
400 425 1
400 433 1
400 443 1
400 448 1
400 460 1
400 472 1
400 474 1
400 480 1
400 494 1
400 495 1
400 496 1
400 501 1
400 512 1
400 518 1
400 522 1
400 528 1
400 530 1
400 533 1
400 539 1
400 542 1
400 544 1
401 950 1
402 407 1
402 412 1
402 419 1
402 422 1
402 424 1
402 425 2
402 432 1
402 433 1
402 448 1
402 460 1
402 468 1
402 472 1
402 479 1
402 480 1
402 490 1
402 491 1
402 494 1
402 495 1
402 496 1
402 502 1
402 503 1
402 506 1
402 518 1
402 522 1
402 526 1
402 530 2
402 539 1
402 542 1
402 544 1
402 549 1
403 473 1
403 484 1
403 704 1
404 519 1
404 832 1
405 475 1
405 736 1
405 745 1
406 436 1
406 485 1
406 635 1
407 412 1
407 419 1
407 422 1
407 425 1
407 432 1
407 433 1
407 443 1
407 448 1
407 460 1
407 468 1
407 479 1
407 480 1
407 490 1
407 491 1
407 494 1
407 495 1
407 496 1
407 501 1
407 506 1
407 509 1
407 522 1
407 526 1
407 528 1
407 538 1
407 539 1
407 544 1
407 549 1
408 734 1
408 764 1
408 771 2
408 786 1
408 813 1
408 925 1
408 930 1
409 634 1
409 727 1
410 430 1
410 575 1
410 668 2
410 814 1
411 418 1
411 727 1
411 746 2
411 775 1
412 422 1
412 425 1
412 433 1
412 443 1
412 448 1
412 451 1
412 460 1
412 468 1
412 472 1
412 479 2
412 480 1
412 496 1
412 501 1
412 502 1
412 506 1
412 509 1
412 512 1
412 518 1
412 522 1
412 526 2
412 528 1
412 530 1
412 542 1
413 423 1
413 635 1
413 643 1
413 792 1
414 441 1
414 442 1
414 461 1
414 580 1
414 626 1
414 648 1
414 661 2
414 669 1
414 770 1
414 788 1
414 864 1
414 869 2
415 418 1
415 757 1
416 453 2
416 498 1
416 546 1
416 676 1
416 679 1
416 725 1
416 758 2
416 842 1
416 881 1
416 903 1
416 939 1
416 994 1
417 469 1
417 475 2
417 712 1
417 732 1
417 739 1
417 779 1
417 805 1
417 817 1
417 885 1
418 476 2
418 757 1
418 775 1
418 844 1
418 879 1
419 424 1
419 425 1
419 432 1
419 433 1
419 474 1
419 479 1
419 480 1
419 491 1
419 494 1
419 495 2
419 496 1
419 501 1
419 502 1
419 503 1
419 509 1
419 518 1
419 526 1
419 528 1
419 530 1
419 533 2
419 544 1
420 483 1
420 505 1
420 527 3
420 551 1
420 788 1
420 814 2
420 828 1
420 919 1
421 431 1
421 644 2
421 650 1
421 814 2
421 830 1
421 881 1
421 890 1
421 893 1
421 898 1
422 424 2
422 425 1
422 432 1
422 448 1
422 451 2
422 460 1
422 474 1
422 491 1
422 495 1
422 502 1
422 506 1
422 514 1
422 518 2
422 522 2
422 530 1
422 533 1
422 538 1
422 539 1
422 544 1
422 549 1
423 643 1
423 723 1
423 792 1
423 822 1
424 425 1
424 443 1
424 448 1
424 468 1
424 472 1
424 474 1
424 479 1
424 490 1
424 491 1
424 494 1
424 495 1
424 501 1
424 502 1
424 503 1
424 506 2
424 512 1
424 526 1
424 533 1
424 542 1
424 544 1
424 549 1
425 432 1
425 448 1
425 451 1
425 468 1
425 472 1
425 479 1
425 490 1
425 494 1
425 495 1
425 496 1
425 501 1
425 502 1
425 503 2
425 506 1
425 514 1
425 522 1
425 526 1
425 530 1
425 533 1
425 539 1
425 542 1
425 544 1
425 549 1
426 531 1
426 619 1
426 762 1
426 785 2
426 795 1
426 825 1
426 873 1
426 928 1
426 933 1
427 602 1
427 646 1
427 796 1
427 831 1
427 900 1
427 971 1
428 574 1
428 755 1
429 746 2
429 955 1
430 575 1
430 620 1
431 650 1
431 881 1
432 448 1
432 451 1
432 460 1
432 468 1
432 474 1
432 480 1
432 490 1
432 491 1
432 494 2
432 496 2
432 501 1
432 502 1
432 503 1
432 506 1
432 509 1
432 518 2
432 522 1
432 526 1
432 528 1
432 530 2
432 539 1
432 544 1
432 549 1
433 443 1
433 460 1
433 468 1
433 474 1
433 479 1
433 480 1
433 490 1
433 491 1
433 495 1
433 506 1
433 509 1
433 514 2
433 518 1
433 522 1
433 526 1
433 530 1
433 538 2
433 544 1
433 549 1
434 462 1
434 742 2
434 936 1
434 944 2
434 966 1
435 865 1
435 989 1
436 589 1
436 591 1
436 635 1
437 568 2
437 730 1
437 765 1
438 642 1
438 703 1
438 898 1
439 837 1
439 955 2
440 726 1
441 864 2
442 453 1
442 461 1
442 462 2
442 481 1
442 498 1
442 546 1
442 558 1
442 580 1
442 648 1
442 669 1
442 727 1
442 758 1
442 783 1
442 824 2
442 836 1
442 842 1
442 881 1
442 903 1
442 915 2
442 936 1
442 975 1
442 981 1
442 994 1
443 448 1
443 451 1
443 460 1
443 468 1
443 472 1
443 479 1
443 491 1
443 494 1
443 495 1
443 502 1
443 506 1
443 514 1
443 518 1
443 530 1
443 533 1
443 538 1
443 539 1
443 542 1
443 544 1
444 679 2
444 941 1
445 709 1
446 585 1
446 615 1
446 682 1
446 821 1
446 970 1
446 994 1
447 459 1
448 460 2
448 468 1
448 472 1
448 479 1
448 480 1
448 490 1
448 494 2
448 495 1
448 496 1
448 509 1
448 512 1
448 514 1
448 518 1
448 522 1
448 528 1
448 533 1
448 538 2
448 539 1
448 542 1
448 544 1
449 478 1
449 534 1
449 599 1
449 628 1
449 810 1
449 885 2
449 902 1
451 460 1
451 468 1
451 479 1
451 480 1
451 490 1
451 494 1
451 495 1
451 509 1
451 512 1
451 514 1
451 526 1
451 528 2
451 530 1
451 533 1
451 538 1
451 539 1
451 549 1
452 818 1
452 925 1
453 498 1
453 536 1
453 546 1
453 599 1
453 678 1
453 679 1
453 725 1
453 758 2
453 773 1
453 779 1
453 783 1
453 803 1
453 836 1
453 839 2
453 903 1
453 915 1
454 483 1
454 604 1
454 671 1
454 817 1
454 946 1
455 535 1
455 820 1
456 922 1
457 462 1
457 481 1
457 554 1
457 727 1
457 742 3
457 981 1
458 952 2
459 540 1
460 472 1
460 474 1
460 479 1
460 490 1
460 491 1
460 494 1
460 495 1
460 501 1
460 502 1
460 503 2
460 509 1
460 514 2
460 522 1
460 526 1
460 528 1
460 530 1
460 533 1
460 538 1
460 539 1
460 542 2
460 544 1
461 661 1
461 788 2
461 824 1
461 894 2
461 975 1
462 727 1
462 742 1
462 936 1
462 966 1
462 981 1
464 577 1
465 637 2
465 642 1
465 698 1
465 780 1
465 894 1
465 975 1
465 990 1
466 531 1
466 942 2
467 594 1
467 755 1
467 817 1
467 918 2
468 472 1
468 474 1
468 480 1
468 491 1
468 494 1
468 495 1
468 501 1
468 503 1
468 506 1
468 512 1
468 522 1
468 526 1
468 533 1
468 538 1
468 542 1
469 475 1
469 507 1
469 545 1
469 809 1
469 827 1
469 968 1
470 498 1
470 527 2
471 492 1
471 643 1
471 852 1
471 873 1
472 474 1
472 479 1
472 480 1
472 490 1
472 494 1
472 495 1
472 496 1
472 501 1
472 502 1
472 503 1
472 506 1
472 509 1
472 514 1
472 518 1
472 530 1
472 538 1
472 539 1
472 542 1
472 544 1
473 667 1
473 704 2
474 479 1
474 480 1
474 490 1
474 494 1
474 495 1
474 502 1
474 503 1
474 506 1
474 514 1
474 518 1
474 522 1
474 526 1
474 530 2
474 533 1
474 538 1
474 539 1
474 542 1
474 544 1
474 549 1
475 545 1
475 656 2
475 745 2
475 809 1
476 485 1
476 487 1
476 505 1
476 531 1
476 616 1
476 619 1
476 762 1
476 770 1
476 777 1
476 785 1
476 795 1
476 796 1
476 825 1
476 870 1
476 873 2
476 928 1
476 933 1
477 604 2
477 946 1
478 591 1
478 885 2
478 958 1
479 490 1
479 495 1
479 496 1
479 501 1
479 506 1
479 509 1
479 512 1
479 514 1
479 518 1
479 522 1
479 526 1
479 528 1
479 530 1
479 539 1
479 542 1
479 549 1
480 490 1
480 491 1
480 496 1
480 501 1
480 502 1
480 506 2
480 509 1
480 512 2
480 514 1
480 526 1
480 528 1
480 530 1
480 533 1
480 538 1
480 539 1
480 542 1
480 544 1
481 619 2
481 727 1
481 742 1
481 877 1
481 936 1
481 966 1
482 683 2
482 703 2
482 842 1
483 520 1
483 604 1
483 671 1
483 736 2
483 814 1
483 817 1
483 946 1
484 552 1
484 571 2
484 596 2
484 652 1
484 690 1
484 705 1
484 748 3
484 792 1
484 793 1
484 828 1
484 928 1
485 487 1
485 531 1
485 589 1
485 591 1
485 616 1
485 619 1
485 635 1
485 762 1
485 770 1
485 785 2
485 795 1
485 796 1
485 825 1
485 873 1
486 577 1
486 733 2
486 950 1
487 531 1
487 550 1
487 616 1
487 619 1
487 709 1
487 762 1
487 770 1
487 776 1
487 781 1
487 825 2
487 873 1
487 946 1
487 962 1
488 807 1
488 854 1
488 956 1
488 965 1
489 667 1
490 494 2
490 502 1
490 509 1
490 514 1
490 518 1
490 526 1
490 530 1
490 538 2
490 542 1
490 544 1
490 549 1
491 494 1
491 495 1
491 503 1
491 512 1
491 518 1
491 522 1
491 528 1
491 533 1
491 538 1
491 539 1
491 542 1
491 544 1
491 549 1
492 709 2
492 852 1
492 873 1
492 971 1
493 646 1
493 692 1
493 908 1
494 495 1
494 496 1
494 502 1
494 506 1
494 509 1
494 514 1
494 522 1
494 526 1
494 528 1
494 533 1
494 538 1
494 542 1
494 544 1
494 549 1
495 496 1
495 501 1
495 506 1
495 509 1
495 512 1
495 514 1
495 518 2
495 526 1
495 528 1
495 530 1
495 533 1
495 538 1
495 539 1
495 549 1
496 501 1
496 502 1
496 503 2
496 506 1
496 509 1
496 512 1
496 522 1
496 526 1
496 530 1
496 538 1
496 544 1
496 549 1
497 571 2
497 875 1
498 546 1
498 558 1
498 604 1
498 661 1
498 676 1
498 679 1
498 725 1
498 758 1
498 783 1
498 842 1
498 915 1
498 939 1
499 599 1
499 770 1
499 870 1
499 879 1
499 966 1
500 951 1
501 502 1
501 509 1
501 512 2
501 514 1
501 518 1
501 522 1
501 526 1
501 528 1
501 539 1
501 542 1
501 544 1
502 503 1
502 509 1
502 512 1
502 514 1
502 518 1
502 522 2
502 526 1
502 530 1
502 538 1
502 539 1
502 549 1
503 509 2
503 512 1
503 522 1
503 526 1
503 528 1
503 530 2
503 533 1
503 538 1
503 539 2
503 542 1
503 544 1
503 549 1
504 756 1
505 849 1
505 852 1
505 869 2
505 870 1
505 964 1
506 509 1
506 512 1
506 514 1
506 518 2
506 522 1
506 526 1
506 528 1
506 533 1
506 538 1
506 539 1
506 544 1
506 549 1
507 739 1
507 805 1
507 827 1
507 885 1
507 961 1
507 963 1
507 968 1
508 627 2
508 706 1
508 794 2
508 864 2
509 512 1
509 526 1
509 533 1
509 538 1
509 539 1
509 544 1
509 549 1
511 670 1
512 514 1
512 518 1
512 526 1
512 530 1
512 533 1
512 538 1
512 539 1
512 542 1
512 549 2
514 522 1
514 526 1
514 528 1
514 530 1
514 542 1
514 544 1
515 583 1
515 641 1
515 837 1
516 636 1
516 642 1
516 711 1
516 908 2
517 583 1
517 650 1
517 827 1
518 522 1
518 526 1
518 528 1
518 530 1
518 539 1
518 542 1
518 549 1
519 718 1
519 724 2
519 832 1
519 855 1
520 736 1
521 604 1
522 538 1
522 539 1
523 576 1
523 962 2
524 599 2
524 683 2
526 528 1
526 530 1
526 533 1
526 538 1
526 542 1
526 549 1
527 551 2
527 794 1
527 828 2
527 919 2
528 530 1
528 533 1
528 544 1
529 739 2
529 885 1
530 533 2
530 538 1
530 544 1
531 579 1
531 619 1
531 762 1
531 770 1
531 780 1
531 795 1
531 933 1
531 962 2
531 967 1
532 868 1
532 987 1
533 538 1
533 542 1
534 591 1
534 628 1
534 866 1
534 885 1
534 888 2
534 958 1
535 629 1
535 820 1
535 967 1
536 599 1
536 678 2
536 803 1
536 839 1
537 577 1
537 651 1
537 733 1
537 950 1
538 544 1
538 549 1
539 544 1
539 549 1
541 552 1
541 559 1
541 571 1
541 596 1
541 652 1
541 667 2
541 690 1
541 705 1
541 793 1
541 828 1
541 928 1
544 549 1
546 558 1
546 679 1
546 736 1
546 755 1
546 783 1
546 808 1
546 817 1
546 823 1
546 881 1
546 903 2
546 915 1
546 918 1
546 939 1
546 994 1
547 669 1
548 603 1
548 650 1
548 687 1
548 734 1
548 736 1
548 781 1
548 798 1
548 861 1
548 932 2
548 951 1
550 946 1
551 828 1
551 924 1
552 571 1
552 596 1
552 652 1
552 690 1
552 705 1
552 828 1
553 803 1
553 813 1
553 966 1
554 768 1
554 802 2
556 560 1
556 567 1
556 569 1
556 570 1
556 572 1
556 584 1
556 586 1
557 624 2
557 796 1
557 869 1
558 604 1
558 725 2
558 736 2
558 783 1
558 836 1
558 842 1
558 881 1
558 915 1
558 939 1
558 994 1
559 571 1
559 596 1
559 652 1
559 690 1
559 705 1
559 748 2
559 793 1
559 828 1
559 928 1
560 567 1
560 572 2
560 578 1
560 584 1
561 794 1
562 687 1
562 736 1
562 781 1
562 798 1
562 914 1
562 951 1
565 954 1
566 591 1
566 628 1
566 958 1
567 569 1
567 570 1
567 572 2
567 578 1
567 586 1
568 765 1
568 789 1
569 570 1
569 578 1
570 572 1
570 578 1
570 584 1
570 586 1
571 596 1
571 652 2
571 690 2
571 705 1
571 748 2
571 780 2
571 787 1
571 793 1
571 867 1
571 875 1
571 879 1
571 928 1
572 578 1
572 584 1
573 944 1
575 620 1
575 814 1
576 643 1
576 852 1
576 873 1
576 962 1
576 971 1
577 585 1
577 682 1
577 821 1
577 914 1
577 962 1
577 968 1
577 991 1
578 584 1
578 586 1
579 583 2
579 639 1
580 626 1
580 648 1
580 661 1
580 669 1
580 770 1
580 788 1
580 824 1
580 975 1
581 961 1
583 641 1
583 650 1
583 827 1
584 586 1
585 821 1
585 987 1
587 588 1
587 592 1
587 593 1
587 597 1
587 601 1
587 605 1
587 607 1
587 609 2
587 613 1
587 617 1
587 621 1
587 649 1
587 653 1
587 654 1
587 657 1
587 663 1
588 590 1
588 593 1
588 597 2
588 605 1
588 606 1
588 607 2
588 611 1
588 613 1
588 614 1
588 617 1
588 621 1
588 640 1
588 653 1
588 657 1
588 663 1
589 591 1
589 598 1
589 667 1
590 592 1
590 600 1
590 601 1
590 606 1
590 607 1
590 611 1
590 613 1
590 614 1
590 645 2
590 653 1
590 654 1
590 658 1
590 659 2
590 663 1
591 635 1
591 885 1
591 958 1
592 593 1
592 597 1
592 600 1
592 601 1
592 605 2
592 606 1
592 607 1
592 611 1
592 614 2
592 617 2
592 638 2
592 654 2
592 657 1
592 663 1
593 600 2
593 601 1
593 606 1
593 607 1
593 609 1
593 611 1
593 613 1
593 614 1
593 617 1
593 621 1
593 638 1
593 640 1
593 645 1
593 649 1
593 653 1
593 654 1
593 657 1
593 659 1
594 706 2
594 755 1
594 808 1
594 823 1
594 853 1
594 906 1
594 918 1
596 690 2
596 748 1
596 792 1
596 793 1
596 828 2
596 928 1
597 600 1
597 605 1
597 609 1
597 611 1
597 614 1
597 617 1
597 621 1
597 638 1
597 640 1
597 657 1
597 663 1
599 628 1
599 678 1
599 683 1
599 699 1
599 773 1
599 792 1
599 803 1
599 885 1
599 958 1
600 601 1
600 607 1
600 611 1
600 613 1
600 617 1
600 621 1
600 640 1
600 649 1
600 653 1
600 657 2
600 658 1
600 663 1
601 605 1
601 611 1
601 613 1
601 614 1
601 617 1
601 653 1
601 658 1
601 659 1
602 646 1
602 669 1
602 796 1
602 808 1
602 831 1
602 900 1
602 971 1
602 977 1
603 687 1
603 736 1
603 781 2
603 798 1
603 914 1
603 932 1
603 951 2
604 671 1
604 676 1
604 679 1
604 725 1
604 736 1
604 758 1
604 833 1
604 836 1
604 842 1
604 881 1
604 903 1
604 915 1
604 950 1
604 993 1
604 994 1
605 606 1
605 607 1
605 609 1
605 611 1
605 613 1
605 614 1
605 621 1
605 638 2
605 640 2
605 645 1
605 649 1
605 653 1
605 658 1
605 659 1
606 609 1
606 611 1
606 613 1
606 617 2
606 621 1
606 638 1
606 640 1
606 645 1
606 649 1
606 653 1
606 654 1
606 657 1
606 658 1
606 659 1
607 609 1
607 614 1
607 617 1
607 621 1
607 640 1
607 645 1
607 649 1
607 653 2
607 657 1
607 658 1
607 659 1
607 663 1
608 651 1
608 674 1
608 818 1
608 965 1
608 971 1
609 611 1
609 617 2
609 621 1
609 640 1
609 645 2
609 649 1
609 653 2
610 709 1
610 741 1
611 613 1
611 617 1
611 621 1
611 638 1
611 640 1
611 645 1
611 653 1
611 654 1
611 663 1
613 614 2
613 621 1
613 638 1
613 640 1
613 645 1
613 649 1
613 654 1
613 657 1
613 658 1
613 659 1
613 663 1
614 617 1
614 621 1
614 638 1
614 640 1
614 645 1
614 649 1
614 653 1
614 654 1
614 657 1
614 658 2
614 659 2
614 663 1
616 717 1
616 762 1
616 770 1
616 785 1
616 795 1
616 825 1
616 873 1
616 928 1
616 933 1
617 621 1
617 638 2
617 649 1
617 654 1
617 658 2
617 659 2
617 663 1
618 757 1
619 762 1
619 770 1
619 785 1
619 795 1
619 796 1
619 825 1
619 873 1
619 877 1
619 933 1
619 962 1
620 668 1
620 771 1
620 852 1
620 935 1
621 645 1
621 649 1
621 654 1
621 657 1
621 659 1
622 869 1
623 756 2
624 900 1
625 630 1
626 648 1
626 669 1
626 679 1
626 788 1
626 824 1
626 975 1
627 706 1
627 864 1
628 958 1
631 637 1
631 690 1
633 656 1
633 745 1
635 643 2
635 723 2
635 822 1
636 642 1
636 908 1
637 698 1
637 958 1
638 640 1
638 645 1
638 649 1
638 653 1
638 654 1
638 657 1
638 658 1
638 659 1
638 663 1
640 653 1
640 657 1
640 663 1
642 780 1
642 828 1
642 894 1
642 896 1
642 908 1
642 975 1
643 723 1
643 845 1
643 852 1
643 998 1
644 830 1
644 890 2
644 893 1
644 908 1
645 654 1
645 658 1
645 659 1
645 663 1
646 669 1
646 796 1
646 831 1
646 908 1
648 661 1
648 669 2
648 679 1
648 770 1
648 824 1
648 975 1
649 653 1
649 657 1
649 659 1
649 663 1
650 736 1
650 781 1
650 798 1
650 876 1
650 914 1
650 932 1
650 951 1
651 673 1
651 688 1
651 950 1
651 965 1
652 705 1
652 748 1
652 792 1
652 928 1
653 654 1
653 658 1
653 663 1
654 657 1
654 659 1
654 663 1
655 712 1
655 840 1
655 867 1
656 683 1
656 733 2
656 745 1
656 836 1
656 898 1
657 658 1
657 659 1
657 663 1
658 659 2
658 663 1
659 663 1
660 734 1
660 861 1
660 943 1
661 669 1
661 679 1
661 824 1
661 975 1
662 677 2
662 842 1
662 957 1
665 672 1
665 675 1
665 680 1
666 788 1
666 845 1
668 755 2
668 898 3
668 961 1
669 679 2
669 808 2
669 824 1
669 831 1
669 900 2
669 971 1
669 975 1
671 993 1
672 675 1
673 733 1
673 950 1
674 818 1
675 680 2
676 679 1
676 736 2
676 758 1
676 783 1
676 836 1
676 915 2
676 939 2
677 745 1
677 770 1
677 957 1
678 734 1
678 746 1
678 764 1
678 771 1
678 786 1
678 803 1
678 925 1
678 930 2
678 949 1
678 962 1
679 725 1
679 770 1
679 783 1
679 788 1
679 801 1
679 824 1
679 836 1
679 842 1
679 881 1
679 915 1
679 939 1
679 994 1
681 802 1
681 864 1
682 858 1
682 914 1
682 970 1
682 991 1
682 994 1
683 703 2
683 842 1
684 686 1
685 842 1
685 894 1
687 736 2
687 932 1
687 951 2
688 779 1
688 907 1
689 706 1
689 864 1
689 944 1
690 698 1
690 748 2
690 793 1
690 828 1
692 908 1
692 942 2
694 695 1
694 700 2
695 700 1
697 890 1
697 893 1
698 958 1
699 792 1
701 702 1
701 716 1
701 719 2
701 720 1
701 721 1
701 728 2
701 729 1
701 731 1
701 735 1
701 737 1
701 747 1
701 751 1
701 753 1
701 759 2
701 760 1
701 761 1
701 763 1
701 772 1
701 778 1
702 707 1
702 708 1
702 719 1
702 720 1
702 721 1
702 722 1
702 729 1
702 731 1
702 735 1
702 740 1
702 747 1
702 751 1
702 753 1
702 759 1
702 760 2
702 761 1
702 763 1
702 766 1
702 772 1
703 733 1
703 746 1
703 955 1
704 718 1
705 748 1
705 792 1
705 793 1
705 828 1
705 928 1
706 808 2
706 853 1
706 864 1
706 918 1
707 708 1
707 719 1
707 720 1
707 722 1
707 728 1
707 729 1
707 731 1
707 737 1
707 740 1
707 747 1
707 753 2
707 759 2
707 761 1
707 763 1
707 766 1
707 774 1
707 778 2
708 728 1
708 729 1
708 737 2
708 740 1
708 747 1
708 751 1
708 753 1
708 759 1
708 760 1
708 761 1
708 772 1
709 741 1
709 776 1
709 781 1
710 836 1
712 779 1
712 840 1
712 867 1
714 797 1
716 719 1
716 720 1
716 721 1
716 722 1
716 729 1
716 731 1
716 747 1
716 753 1
716 761 1
716 763 1
716 766 1
716 772 1
716 778 1
717 785 1
717 795 1
717 796 1
717 825 1
717 873 1
717 928 1
717 933 1
719 721 1
719 722 1
719 728 1
719 729 1
719 731 1
719 737 1
719 740 1
719 747 1
719 753 1
719 759 1
719 760 1
719 761 1
719 766 1
720 721 1
720 722 1
720 728 1
720 729 1
720 731 1
720 735 1
720 737 1
720 747 1
720 751 1
720 760 1
720 761 1
720 763 1
720 766 2
720 772 1
720 774 1
721 728 1
721 729 1
721 737 1
721 740 1
721 747 1
721 759 1
721 763 1
721 766 1
721 772 1
721 774 1
722 729 2
722 731 1
722 737 1
722 740 1
722 759 1
722 760 2
722 763 1
722 766 1
722 772 1
722 774 1
723 792 1
723 822 1
724 746 1
724 832 1
725 758 2
725 779 1
725 783 1
725 842 1
725 881 1
725 903 1
725 939 1
727 742 1
727 746 1
727 937 1
727 955 1
727 966 1
727 981 1
728 729 1
728 737 1
728 747 1
728 753 1
728 759 1
728 760 1
728 761 1
728 766 1
728 774 1
728 778 1
729 731 1
729 735 1
729 737 1
729 740 1
729 751 1
729 753 1
729 766 1
729 772 1
729 778 1
730 913 1
731 735 2
731 751 1
731 753 1
731 759 1
731 761 1
731 766 1
731 772 1
731 778 1
732 743 1
732 817 1
733 842 1
734 786 1
734 813 1
734 925 1
734 930 1
734 962 1
735 737 1
735 740 1
735 747 1
735 753 1
735 760 1
735 763 1
735 766 1
735 772 1
735 774 1
735 778 1
736 758 1
736 781 1
736 783 1
736 798 1
736 836 1
736 842 2
736 903 2
736 914 1
736 951 1
737 740 1
737 747 1
737 759 1
737 760 1
737 761 1
737 763 1
737 774 1
737 778 1
739 805 1
739 885 1
740 751 1
740 766 1
740 774 1
740 778 1
742 936 1
742 966 3
742 981 1
743 779 1
745 770 1
745 842 1
745 940 1
746 771 2
746 813 1
746 832 1
746 855 1
746 930 1
746 941 1
746 949 1
746 955 1
746 962 1
747 751 2
747 753 2
747 759 1
747 760 2
747 761 1
747 763 1
747 772 1
748 792 1
748 793 1
748 828 1
749 870 1
751 753 1
751 759 1
751 760 1
751 761 1
751 763 1
751 772 1
751 774 1
752 894 1
753 759 1
753 760 1
753 761 1
753 763 1
753 772 2
755 823 1
755 853 1
755 961 1
756 974 1
758 779 1
758 828 1
758 836 1
758 903 1
758 939 1
758 994 1
759 761 1
759 763 1
759 766 1
759 772 1
759 778 1
760 763 2
760 766 1
760 772 2
760 774 1
761 763 1
761 772 1
761 778 1
762 785 1
762 795 2
762 873 1
762 928 1
762 933 1
762 962 1
763 778 1
764 771 1
764 786 1
764 813 1
764 925 2
764 949 1
765 787 1
765 789 1
765 918 1
766 772 1
768 802 1
769 927 1
770 785 1
770 788 1
770 796 1
770 825 1
770 842 1
770 928 2
770 962 1
770 975 1
771 786 1
771 813 1
771 852 2
771 925 1
771 930 1
771 949 1
771 962 1
772 778 1
773 803 1
773 839 1
773 846 1
774 778 1
776 781 1
777 844 2
777 852 2
777 870 1
777 879 1
777 964 1
779 836 1
779 842 1
779 862 1
779 881 1
779 903 1
779 907 1
779 915 1
779 939 1
779 994 1
780 921 1
780 990 1
781 798 1
781 914 1
781 966 1
782 790 1
782 791 1
783 836 1
783 842 1
783 881 1
783 903 1
783 915 1
783 994 1
784 831 1
784 955 1
785 795 1
785 796 1
786 925 1
786 930 1
786 949 1
786 962 2
786 977 1
788 824 1
788 869 1
790 791 1
792 793 1
792 822 1
792 828 1
792 928 1
793 828 2
795 796 1
795 873 1
795 962 1
796 825 1
796 900 1
798 914 1
798 932 2
798 951 1
799 804 1
800 804 1
801 941 2
802 864 1
803 813 2
803 839 1
803 998 1
807 935 1
808 823 2
808 831 1
808 853 1
808 900 1
808 918 2
808 971 1
810 902 1
811 897 1
812 815 1
813 925 1
813 930 1
813 998 1
814 869 1
814 898 1
817 823 1
817 853 1
817 993 2
818 971 1
821 914 1
821 970 1
821 991 1
821 994 2
822 835 1
823 853 1
823 918 1
825 928 2
825 933 1
826 845 2
827 870 2
827 968 2
828 856 1
828 919 1
828 928 1
830 893 1
830 977 1
831 900 1
831 955 1
832 941 1
833 950 1
834 843 1
836 881 1
836 903 1
836 915 1
836 939 2
837 955 1
838 841 1
841 843 1
842 881 1
842 894 1
842 903 1
842 957 2
842 994 1
844 849 1
844 852 2
844 870 1
844 879 1
844 964 1
845 977 1
849 852 1
849 870 1
849 879 1
849 964 1
850 857 1
850 860 1
851 857 1
851 859 1
851 860 1
852 870 1
852 873 1
852 879 1
852 964 2
853 918 1
854 902 1
854 965 1
854 990 1
855 941 1
856 896 1
856 932 1
857 859 1
857 860 2
857 871 2
859 860 2
859 871 1
860 871 1
861 943 1
865 989 1
866 882 1
866 888 1
870 964 1
870 966 1
873 962 1
874 880 1
874 883 1
874 884 1
874 886 1
874 887 1
874 891 2
874 895 1
874 899 2
874 905 1
874 910 1
874 916 1
874 917 1
874 920 1
874 929 1
874 931 1
874 938 2
874 953 1
874 960 1
874 969 1
874 972 1
874 978 1
874 982 1
874 983 1
874 984 1
874 985 1
874 986 2
874 992 1
874 996 1
874 999 1
880 883 1
880 884 1
880 886 1
880 887 1
880 892 1
880 895 1
880 905 1
880 911 1
880 916 1
880 920 1
880 923 2
880 929 1
880 931 1
880 938 1
880 945 1
880 947 1
880 953 1
880 960 1
880 969 1
880 976 1
880 980 1
880 983 1
880 986 1
880 992 1
880 996 1
880 999 1
881 939 1
881 994 2
883 887 2
883 892 1
883 899 1
883 901 2
883 911 1
883 916 1
883 917 1
883 923 1
883 931 1
883 945 1
883 947 1
883 953 1
883 969 2
883 972 1
883 973 1
883 976 1
883 978 1
883 982 1
883 984 1
883 986 1
883 992 2
883 996 2
883 999 2
884 887 1
884 891 1
884 892 1
884 899 1
884 901 1
884 910 1
884 911 1
884 916 1
884 917 1
884 931 1
884 938 1
884 953 1
884 972 1
884 980 1
884 983 1
884 985 1
884 986 1
884 996 1
885 958 1
886 887 1
886 891 1
886 892 1
886 895 1
886 901 1
886 905 1
886 911 1
886 920 1
886 929 1
886 931 2
886 938 1
886 945 1
886 947 1
886 953 1
886 960 1
886 969 1
886 972 2
886 973 1
886 979 1
886 982 1
886 983 1
886 984 1
886 985 1
886 986 1
887 891 1
887 892 1
887 899 1
887 901 2
887 911 1
887 920 1
887 923 1
887 929 1
887 931 1
887 945 1
887 947 2
887 960 1
887 973 1
887 976 1
887 979 1
887 984 1
887 992 1
887 996 1
889 935 1
890 893 1
890 908 1
891 895 1
891 899 1
891 905 1
891 911 1
891 920 1
891 923 1
891 929 1
891 931 1
891 945 1
891 947 1
891 953 1
891 969 1
891 972 1
891 973 1
891 980 1
891 982 1
891 983 1
891 984 1
891 985 1
891 992 1
892 895 1
892 899 1
892 901 1
892 905 1
892 910 1
892 911 1
892 916 1
892 917 1
892 920 2
892 923 1
892 929 1
892 938 2
892 945 1
892 947 1
892 953 1
892 969 1
892 973 1
892 976 2
892 978 1
892 980 1
892 982 1
892 985 1
892 992 1
892 996 1
892 999 2
893 908 1
894 921 1
894 956 1
895 901 1
895 905 1
895 911 1
895 917 1
895 931 1
895 947 2
895 953 1
895 960 1
895 969 1
895 972 1
895 973 1
895 976 1
895 978 1
895 979 1
895 980 2
895 982 1
895 985 1
895 992 1
895 996 1
896 932 1
899 901 1
899 910 1
899 923 1
899 929 1
899 931 1
899 945 1
899 953 1
899 960 1
899 969 1
899 973 1
899 976 1
899 978 1
899 979 1
899 980 1
899 982 1
899 983 1
899 985 1
899 986 1
899 992 2
899 996 1
899 999 1
900 971 1
901 910 1
901 911 1
901 923 1
901 931 1
901 938 1
901 947 1
901 960 1
901 969 1
901 972 1
901 973 1
901 976 1
901 978 1
901 979 1
901 980 1
901 982 1
901 983 1
901 984 1
901 985 1
901 992 2
901 996 1
901 999 1
902 990 1
903 915 1
903 939 1
903 994 1
905 910 1
905 916 1
905 920 1
905 929 1
905 931 1
905 938 1
905 947 1
905 960 1
905 972 1
905 976 2
905 978 1
905 979 1
905 980 1
905 982 1
905 983 1
905 984 1
905 986 1
905 996 1
905 999 1
910 911 1
910 916 1
910 929 1
910 931 1
910 938 1
910 945 1
910 947 1
910 953 1
910 960 1
910 972 1
910 980 1
910 982 1
910 983 1
910 984 1
910 992 1
910 996 1
911 917 1
911 920 1
911 923 1
911 929 1
911 931 1
911 947 1
911 953 1
911 960 1
911 969 1
911 976 1
911 978 1
911 979 1
911 980 1
911 983 1
911 984 1
911 985 1
911 986 1
911 996 1
914 932 1
914 970 1
915 994 1
916 917 1
916 929 1
916 931 1
916 938 2
916 945 1
916 953 1
916 969 1
916 976 1
916 978 1
916 979 1
916 985 1
916 996 1
916 999 1
917 920 1
917 945 1
917 953 1
917 969 1
917 972 1
917 976 1
917 978 1
917 982 1
917 992 1
917 996 1
917 999 1
920 929 1
920 931 1
920 938 1
920 947 1
920 953 1
920 969 1
920 973 1
920 976 1
920 978 1
920 979 1
920 983 1
920 985 1
920 996 1
920 999 2
921 975 1
921 990 1
923 929 1
923 931 1
923 938 1
923 945 1
923 947 1
923 953 1
923 969 1
923 972 1
923 973 1
923 976 1
923 979 1
923 980 1
923 983 1
923 985 1
923 986 1
923 992 1
923 996 1
923 999 1
925 930 1
925 949 1
925 971 2
926 965 1
928 962 1
929 931 1
929 938 1
929 945 1
929 972 1
929 973 1
929 976 2
929 978 1
929 979 1
929 983 1
929 999 1
930 949 1
930 962 1
931 938 1
931 945 1
931 947 1
931 953 1
931 973 1
931 976 1
931 978 1
931 979 1
931 982 1
931 984 1
931 986 1
932 951 1
933 962 1
936 981 1
938 945 1
938 953 1
938 960 1
938 969 1
938 976 1
938 978 1
938 980 1
938 982 1
938 983 1
938 984 1
938 985 1
938 986 1
939 966 1
939 994 1
942 970 1
945 953 1
945 969 1
945 972 1
945 979 1
945 980 1
945 982 1
945 986 1
945 992 1
945 996 1
945 999 1
946 993 2
947 953 1
947 960 1
947 969 1
947 972 1
947 973 1
947 978 1
947 979 1
947 980 1
947 982 1
947 983 2
947 984 1
947 985 1
947 996 1
947 999 1
949 962 1
950 968 1
953 960 1
953 972 1
953 973 1
953 978 1
953 980 1
953 982 1
953 984 1
953 985 1
953 986 1
953 992 2
953 996 1
953 999 1
954 995 1
960 969 1
960 972 1
960 973 1
960 980 1
960 983 1
960 985 1
960 992 1
960 999 1
961 968 1
962 970 1
962 991 1
962 994 1
966 981 1
969 973 1
969 976 2
969 980 1
969 982 1
969 992 1
969 996 1
969 999 1
970 994 1
972 976 1
972 983 2
972 984 1
972 985 1
972 992 1
973 976 1
973 978 1
973 979 1
973 982 1
973 984 2
973 985 1
973 986 1
975 990 1
976 978 1
976 980 1
976 985 1
976 996 1
978 979 1
978 980 1
978 983 1
978 984 1
978 985 1
978 996 1
979 982 1
979 983 1
979 984 1
979 985 1
979 992 1
979 996 1
979 999 1
980 982 1
980 983 1
980 984 1
980 985 1
980 992 2
980 996 1
982 985 1
982 986 1
982 992 1
982 996 1
983 984 1
983 985 1
983 986 1
983 992 1
983 996 1
983 999 2
984 985 1
984 992 1
984 996 1
984 999 1
985 999 1
986 992 1
986 996 1
986 999 1
991 994 2
992 996 2
996 999 1
