3 3 1751
33 33 1751
52 52 1751
62 62 1751
106 106 1751
116 116 1751
134 134 1751
159 159 1751
225 225 1751
246 246 1751
253 253 1751
260 260 1751
302 302 1751
316 316 1751
343 343 1751
354 354 1751
362 362 1751
392 392 1751
402 402 1751
414 414 1751
430 430 1751
437 437 1751
458 458 1751
475 475 1751
498 498 1751
505 505 1751
508 508 1751
510 510 1751
514 514 1751
526 526 1751
532 532 1751
533 533 1751
536 536 1751
544 544 1751
585 585 1751
589 589 1751
615 615 1751
635 635 1751
662 662 1751
675 675 1751
705 705 1751
715 715 1751
757 757 1751
803 803 1751
814 814 1751
817 817 1751
866 866 1751
949 949 1751
959 959 1751
967 967 1751
988 988 1751
991 991 1751
1087 1087 1751
1088 1088 1751
1164 1164 1751
1170 1170 1751
1182 1182 1751
1191 1191 1751
1193 1193 1751
1226 1226 1751
1241 1241 1751
1255 1255 1751
1288 1288 1751
1290 1290 1751
1317 1317 1751
1354 1354 1751
1373 1373 1751
1381 1381 1751
1389 1389 1751
1394 1394 1751
1421 1421 1751
1434 1434 1751
1496 1496 1751
1575 1575 1751
1676 1676 1751
1684 1684 1751
1703 1703 1751
1711 1711 1751
1712 1712 1751
1717 1717 1751
1737 1737 1751
1740 1740 1751
1446 293
558 371
40 812
1588 142
1472 1635
1127 361
36 933
390 1607
682 968
568 1301
477 1257
257 480
1536 271
1212 553
1238 422
231 1119
182 185
1284 905
1621 269
973 700
5 288
258 1039
828 1223
1204 59
344 742
194 1504
1518 349
68 1610
1647 1227
591 1696
101 773
216 644
992 1571
598 811
180 404
256 472
312 147
84 623
1626 478
1160 1528
464 805
919 603
1727 1089
1578 1240
1465 648
1729 571
276 858
1439 1313
81 692
21 9
679 835
1003 447
1215 490
668 775
796 79
176 1043
663 112
1037 1699
681 873
1243 424
913 300
319 1236
1498 456
842 758
1220 431
1481 296
1008 167
363 518
853 975
564 85
777 74
360 539
706 1040
174 1195
762 254
327 1581
1463 18
1203 1157
931 1682
1211 628
947 985
531 822
462 384
427 636
457 412
840 1109
1245 1134
1554 401
650 161
721 1228
201 220
684 543
386 714
1021 1490
42 672
69 559
1067 1104
122 982
133 908
1047 1681
70 588
1501 190
944 813
23 1500
127 550
286 1398
1151 961
103 1296
699 409
1025 1131
1086 701
92 60
285 990
7 213
91 1658
704 1546
1269 1572
31 1038
800 249
1181 1007
405 647
1311 583
204 1570
393 387
530 1558
20 581
433 1460
351 617
356 63
186 291
950 582
51 852
1121 118
211 964
334 1023
1146 219
1075 1200
264 1416
892 665
251 738
1365 602
1385 1158
1207 421
1356 1429
820 881
1534 733
237 1576
16 1693
918 1010
1402 139
34 1374
607 99
158 1042
606 1480
979 744
1149 61
149 183
830 599
954 303
649 512
1271 864
191 44
90 1743
1613 1233
73 1457
1179 471
209 370
1615 863
807 1054
115 341
1280 375
1142 141
287 1242
1251 882
768 1464
1202 145
120 235
1538 1599
951 517
1704 1166
1045 1180
331 1663
262 453
893 685
771 552
613 677
1138 579
289 108
629 199
473 633
917 426
153 352
1433 400
995 1278
324 380
1339 1449
934 750
1700 307
1674 1144
625 826
1742 1347
1059 658
671 469
507 595
1657 894
1614 535
1506 22
983 1024
984 136
1387 1631
443 11
376 1638
12 1411
1597 420
1266 1440
902 132
734 1516
423 1477
1669 455
197 765
305 1172
187 1533
1049 799
95 259
693 357
128 941
1177 35
574 82
245 851
171 511
266 206
1667 488
78 528
570 342
1642 378
1435 551
1097 163
977 1475
789 537
759 173
601 509
105 1175
1591 1103
229 834
1306 770
1116 381
725 250
223 10
1098 138
657 586
359 1259
411 727
626 88
114 624
860 922
522 912
1444 45
674 723
1592 282
164 746
928 575
1445 487
460 263
747 903
1084 1484
494 886
67 1139
610 1624
577 739
741 395
942 1237
600 1085
783 1128
1052 157
1277 484
399 792
879 184
1051 1282
580 218
956 1188
1058 745
1662 445
907 86
306 920
781 669
326 515
200 1344
1397 1300
1032 1593
661 1320
720 1564
563 279
46 1069
1006 1678
280 1291
1493 1209
1108 900
1016 151
855 143
304 39
519 549
28 1376
1011 244
389 548
8 938
1022 467
348 96
1147 169
808 1009
1161 1070
1620 878
1074 1580
333 856
823 318
612 1679
367 1724
1120 1497
709 154
232 630
72 1199
639 729
482 1632
1002 1310
261 58
205 417
1068 896
377 686
429 541
83 43
713 895
1256 54
888 1235
766 109
1357 614
463 234
927 673
1698 1343
166 688
1302 1053
632 764
135 212
736 170
321 1395
587 593
1324 340
126 989
1091 843
608 432
1196 708
939 1055
1216 1596
278 1637
664 1029
1118 227
1563 827
527 1694
178 1415
1361 466
1489 1709
596 1600
226 1590
1648 459
965 207
339 493
1427 1543
