30 30 351
39 39 351
54 54 351
117 117 351
121 121 351
157 157 351
185 185 351
188 188 351
215 215 351
246 246 351
249 249 351
280 280 351
311 311 351
321 321 351
212 295
228 50
18 259
183 28
292 179
130 231
298 341
229 156
237 244
120 164
177 145
43 124
73 6
344 322
170 190
35 4
336 56
172 155
180 219
82 159
40 115
184 107
132 31
199 220
288 345
80 27
122 36
59 111
289 328
206 269
250 2
138 255
208 332
79 88
318 217
240 11
46 254
182 152
0 324
264 141
5 186
33 94
142 154
63 85
173 230
307 67
153 55
243 14
169 74
335 127
222 348
218 87
235 258
181 165
71 98
20 278
331 211
297 21
163 34
22 213
279 314
347 110
78 8
105 162
224 268
144 325
