1 1 2420
24 24 2420
26 26 2420
29 29 2420
75 75 2420
107 107 2420
110 110 2420
179 179 2420
214 214 2420
225 225 2420
246 246 2420
253 253 2420
273 273 2420
311 311 2420
314 314 2420
329 329 2420
346 346 2420
366 366 2420
392 392 2420
416 416 2420
430 430 2420
436 436 2420
441 441 2420
554 554 2420
585 585 2420
611 611 2420
616 616 2420
655 655 2420
694 694 2420
696 696 2420
724 724 2420
728 728 2420
750 750 2420
751 751 2420
761 761 2420
786 786 2420
795 795 2420
838 838 2420
841 841 2420
866 866 2420
876 876 2420
905 905 2420
955 955 2420
957 957 2420
987 987 2420
1024 1024 2420
1085 1085 2420
1092 1092 2420
1140 1140 2420
1144 1144 2420
1163 1163 2420
1165 1165 2420
1178 1178 2420
1221 1221 2420
1239 1239 2420
1273 1273 2420
1275 1275 2420
1279 1279 2420
1291 1291 2420
1317 1317 2420
1334 1334 2420
1352 1352 2420
1412 1412 2420
1423 1423 2420
1499 1499 2420
1512 1512 2420
1551 1551 2420
1630 1630 2420
1658 1658 2420
1664 1664 2420
1705 1705 2420
1715 1715 2420
1723 1723 2420
1747 1747 2420
1804 1804 2420
1811 1811 2420
1849 1849 2420
1852 1852 2420
1892 1892 2420
1982 1982 2420
1991 1991 2420
2028 2028 2420
2047 2047 2420
2059 2059 2420
2086 2086 2420
2088 2088 2420
2113 2113 2420
2114 2114 2420
2136 2136 2420
2144 2144 2420
2241 2241 2420
2246 2246 2420
2254 2254 2420
2258 2258 2420
2273 2273 2420
2280 2280 2420
2302 2302 2420
2332 2332 2420
2347 2347 2420
2372 2372 2420
2410 2410 2420
1578 1200
2036 503
679 380
262 559
2057 248
1840 691
2260 1513
264 381
1925 984
86 2379
961 628
2170 800
1941 983
1682 2199
1928 482
563 908
105 1627
1501 5
1242 1674
45 487
475 161
1209 141
1363 2100
2223 768
807 1969
209 2087
415 1029
333 296
671 810
1098 176
509 1610
623 1950
393 275
649 289
265 1845
1727 84
1025 881
153 1663
798 1157
717 422
213 340
1680 596
396 527
647 1662
2286 1704
1032 560
2374 175
1751 1463
182 633
746 1844
1087 2394
828 433
136 171
853 1725
600 1557
1836 988
2211 1397
1899 1700
1642 9
1204 599
947 1118
699 1824
200 2073
1078 134
739 939
1490 741
913 895
552 1461
1202 280
697 832
326 1203
1615 1299
677 147
1605 1099
270 370
2161 644
2380 1096
801 1712
606 1817
330 971
1567 1999
1145 725
829 1435
1259 1648
1722 1271
70 276
1695 951
490 2414
299 1493
1148 779
343 548
674 1983
998 1132
494 27
1127 231
685 185
579 1560
688 1094
1128 285
1322 1039
168 1809
1151 1721
424 1677
1177 99
1311 55
51 1205
2343 624
1301 1357
758 985
95 1708
1613 1619
817 2282
493 2418
1100 830
58 1006
657 1685
266 629
2095 2395
375 747
1254 1696
386 528
351 1462
1838 1062
2066 2002
357 920
1782 297
1865 1280
178 478
1476 536
820 729
300 1074
1591 1621
502 2104
2094 1574
2033 570
1052 443
1399 1926
135 82
23 1749
721 2206
1538 1302
1974 359
21 564
31 1337
312 363
426 485
184 462
62 59
869 463
1959 332
1070 1149
2127 1072
1436 164
1413 445
639 1053
1007 500
522 771
1170 40
1860 1558
1914 907
912 973
191 2220
157 2356
1687 1458
762 1235
1714 149
551 446
263 612
2054 2261
88 1058
279 764
1267 158
840 1444
641 313
43 592
989 1374
286 1784
1181 1711
2194 3
1921 906
1003 584
342 323
2042 431
1822 893
162 1023
1238 1108
1063 1113
1262 1124
1657 1232
429 673
954 1624
318 1827
2076 586
261 1051
194 420
2365 466
123 1091
888 636
174 2334
1212 108
704 1498
304 1433
223 2409
1001 870
531 681
638 927
517 1616
1325 742
918 464
693 1350
411 1182
1294 1971
274 2146
100 1270
28 143
1600 1243
588 737
35 1647
1592 377
884 258
975 259
518 1306
257 1356
1916 2236
54 949
1454 226
1256 2368
322 457
1102 796
204 2102
580 1419
613 2213
822 2378
321 546
133 934
601 1339
668 203
2319 427
481 894
545 1277
1666 319
597 122
2177 127
1161 169
995 1583
91 334
2159 842
1045 773
2179 1537
128 799
2091 1257
1909 1049
1471 2119
2083 843
395 409
950 1359
1285 1506
1021 2030
1364 1196
74 67
941 1393
1546 1106
823 523
902 1207
2065 1930
305 931
1214 435
2391 360
367 39
734 1155
103 900
1022 1067
197 917
805 1965
956 2248
1743 1211
1345 753
598 706
2278 1889
1779 1693
2402 1016
766 216
1580 1009
1672 891
2062 129
1472 2005
1084 2082
1002 1011
1764 1503
1047 568
271 650
115 1371
1266 1446
736 1920
1556 1282
1180 2034
1819 2051
2296 1996
1814 112
530 1597
1138 582
404 2193
81 2152
109 1670
625 1097
945 1075
1323 965
456 341
1142 187
1296 1269
1073 1741
2020 1770
2012 69
630 1851
1534 1893
2250 1526
79 2195
1481 142
41 2293
1375 1544
199 425
831 348
8 1010
619 132
170 1237
1193 156
2339 489
232 412
1843 622
1338 1596
770 2145
477 944
709 684
2173 96
539 2070
324 465
1189 2399
1541 591
974 11
1365 669
868 1911
968 2025
460 990
339 607
1675 835
1408 1139
783 851
2283 1008
83 1774
244 403
661 1366
331 48
743 1728
1121 1402
1649 1590
652 2360
1785 602
413 104
1870 390
936 438
256 1772
534 942
1251 1361
663 2330
126 472
1445 1179
1563 234
453 44
167 139
1767 1188
1320 186
620 42
467 1620
1729 672
642 2019
2382 1159
448 581
401 235
1710 356
1955 1489
1174 405
781 574
2222 1404
1494 2387
1089 1186
317 302
2074 544
212 205
101 1904
1676 1172
320 797
180 1820
1673 408
740 1216
572 2291
745 2299
250 852
2322 34
325 978
1215 1487
1963 1958
1886 222
2182 720
2198 2191
1554 241
306 219
1439 399
1037 2314
307 116
36 654
459 376
863 713
520 626
1771 892
1783 2155
251 834
361 617
2230 901
992 2120
469 1552
1315 1469
1595 206
473 755
812 535
587 1059
723 1146
860 886
2252 1116
288 632
1742 1812
1773 211
1902 92
759 2419
558 121
772 1871
505 2143
519 10
1284 1206
686 2231
1853 1236
1392 899
421 2105
507 1691
2186 1465
102 389
281 1588
731 73
1719 145
777 919
114 238
2271 664
958 46
2023 2358
1013 1068
792 1536
291 7
2397 20
1587 1147
933 1698
118 928
515 327
682 1598
916 245
1385 2235
1992 278
1086 610
789 2227
977 550
511 287
229 1387
1160 577
855 1427
166 1050
608 604
1835 1879
2290 1055
658 1614
470 2157
1217 1604
2309 2108
549 1038
272 1790
391 1931
1245 295
701 979
1582 575
338 201
808 16
90 1518
2081 692
2001 2294
423 813
1123 1473
2289 1626
68 1667
938 78
1060 2164
1220 1978
1324 12
1120 1918
2063 732
1341 790
903 237
553 1869
2226 1632
1669 63
1298 434
303 1175
1247 371
173 1897
879 344
1837 72
1158 432
614 708
678 447
791 120
1739 2031
