37 37 965
121 121 965
123 123 965
126 126 965
160 160 965
175 175 965
192 192 965
193 193 965
227 227 965
239 239 965
242 242 965
246 246 965
266 266 965
270 270 965
272 272 965
273 273 965
277 277 965
294 294 965
298 298 965
311 311 965
319 319 965
335 335 965
337 337 965
379 379 965
391 391 965
392 392 965
464 464 965
479 479 965
543 543 965
589 589 965
607 607 965
615 615 965
625 625 965
691 691 965
733 733 965
738 738 965
787 787 965
791 791 965
842 842 965
861 861 965
869 869 965
941 941 965
955 955 965
959 959 965
964 964 965
447 307
942 892
746 912
459 695
855 71
380 276
599 385
305 166
684 163
34 78
191 314
541 722
571 187
426 339
296 370
95 413
213 417
212 405
220 58
938 355
286 327
548 549
342 854
633 542
462 341
54 422
429 639
427 628
741 913
157 67
289 235
257 251
360 555
313 110
264 620
425 349
669 863
287 162
799 646
325 473
683 925
20 241
262 184
734 136
899 72
528 817
18 469
66 169
944 882
552 455
31 583
739 300
822 258
908 376
74 550
318 551
171 384
900 502
40 336
580 73
202 923
792 816
758 111
893 120
118 762
773 61
649 395
291 515
219 428
243 416
673 509
453 431
699 651
704 154
0 412
8 821
147 438
617 434
234 211
237 614
182 759
176 507
259 768
636 248
482 43
167 404
800 348
484 396
60 935
185 677
487 714
216 784
445 933
86 84
771 87
777 597
879 582
101 53
83 59
398 410
81 490
28 478
608 271
10 170
280 158
667 387
308 668
285 50
629 856
357 388
288 115
514 134
109 91
852 500
326 12
340 956
808 566
729 250
471 825
701 468
517 672
363 610
397 168
960 544
44 145
681 642
924 475
153 609
297 161
570 862
375 910
231 719
209 7
312 466
244 827
940 48
245 130
477 903
197 918
331 568
138 279
679 196
378 88
35 527
127 769
90 748
351 421
947 267
128 602
364 772
766 69
33 638
142 180
105 556
411 909
344 103
894 401
630 492
263 149
70 9
36 632
835 80
51 433
199 603
813 806
11 254
682 79
16 129
303 240
658 598
693 76
736 172
390 619
613 657
371 645
17 165
223 457
205 535
460 173
708 594
186 228
472 745
688 499
144 32
112 593
853 122
132 229
317 133
868 183
334 622
63 42
606 559
886 432
742 496
108 347
579 834
511 887
