14 14 3271
17 17 3271
19 19 3271
57 57 3271
93 93 3271
117 117 3271
203 203 3271
273 273 3271
294 294 3271
337 337 3271
383 383 3271
483 483 3271
489 489 3271
541 541 3271
569 569 3271
659 659 3271
660 660 3271
667 667 3271
705 705 3271
711 711 3271
786 786 3271
788 788 3271
793 793 3271
814 814 3271
843 843 3271
858 858 3271
861 861 3271
889 889 3271
993 993 3271
997 997 3271
1005 1005 3271
1017 1017 3271
1023 1023 3271
1028 1028 3271
1031 1031 3271
1048 1048 3271
1054 1054 3271
1064 1064 3271
1072 1072 3271
1104 1104 3271
1117 1117 3271
1162 1162 3271
1164 1164 3271
1168 1168 3271
1176 1176 3271
1178 1178 3271
1192 1192 3271
1224 1224 3271
1233 1233 3271
1253 1253 3271
1279 1279 3271
1283 1283 3271
1288 1288 3271
1383 1383 3271
1393 1393 3271
1396 1396 3271
1451 1451 3271
1457 1457 3271
1502 1502 3271
1525 1525 3271
1529 1529 3271
1564 1564 3271
1575 1575 3271
1616 1616 3271
1664 1664 3271
1679 1679 3271
1684 1684 3271
1688 1688 3271
1712 1712 3271
1740 1740 3271
1778 1778 3271
1800 1800 3271
1847 1847 3271
1932 1932 3271
1935 1935 3271
1957 1957 3271
2007 2007 3271
2055 2055 3271
2092 2092 3271
2130 2130 3271
2157 2157 3271
2172 2172 3271
2178 2178 3271
2184 2184 3271
2196 2196 3271
2202 2202 3271
2215 2215 3271
2237 2237 3271
2246 2246 3271
2275 2275 3271
2307 2307 3271
2318 2318 3271
2332 2332 3271
2347 2347 3271
2350 2350 3271
2385 2385 3271
2435 2435 3271
2454 2454 3271
2475 2475 3271
2521 2521 3271
2625 2625 3271
2649 2649 3271
2664 2664 3271
2699 2699 3271
2717 2717 3271
2800 2800 3271
2822 2822 3271
2838 2838 3271
2848 2848 3271
2913 2913 3271
2940 2940 3271
2965 2965 3271
3149 3149 3271
3172 3172 3271
3176 3176 3271
3186 3186 3271
2105 1462
1918 1882
1339 179
2651 1068
2209 1591
1884 1541
807 3108
354 759
3187 1139
1259 3111
63 2257
1764 1592
876 265
1928 944
263 1161
1774 928
851 122
2606 2501
1025 761
327 2198
1387 857
1375 182
1225 412
607 465
1520 362
39 3123
3004 3188
2173 219
758 1074
1666 1301
2374 1477
286 164
2706 685
819 959
1022 2546
1384 947
805 1512
1914 2494
103 1563
2077 1199
3008 2707
166 3119
2365 2241
1807 1587
478 488
467 1204
1403 307
10 2299
1373 1685
21 1808
818 99
699 1131
1767 288
525 2382
456 588
808 1302
2831 1328
1630 1429
509 2326
1252 2250
118 1133
259 2883
528 2560
992 1735
2946 3012
490 955
731 1138
3160 1245
2289 147
1361 2324
74 2142
2038 2355
393 2088
1979 1207
1499 964
1538 630
197 430
2211 2492
459 268
1263 2791
1890 2005
880 1955
178 2632
1244 2478
2389 101
123 2095
1880 679
2400 1323
1656 381
546 909
1146 741
2538 330
1604 1612
2221 213
747 1491
2959 2186
1175 207
1723 2572
888 321
2885 3102
340 2305
396 339
658 606
1427 1566
2011 62
1605 1590
417 1657
2330 1177
2636 1714
271 281
2131 598
48 49
1365 1860
2692 1755
938 980
941 2264
1214 555
2514 2060
776 1837
392 1925
1722 2063
2079 1556
1135 1485
3044 693
81 556
1106 280
1454 612
961 3177
2334 499
1456 550
1552 2391
2183 3264
2453 2711
191 756
1490 2054
1366 2702
2874 2226
2239 956
2351 2102
586 2812
934 2716
1570 3120
935 2024
511 867
2233 3143
577 1402
657 2741
2727 1447
2271 723
1284 755
720 697
2878 789
1858 1636
139 1710
640 427
1371 20
2473 1711
1973 3041
669 2740
736 12
2437 312
2446 2592
1580 835
1351 2746
463 1726
1073 623
1967 1179
2597 1729
792 1539
884 199
2066 2862
2343 1894
3203 933
1163 2603
504 3105
1670 1931
2003 1584
2864 1390
801 990
1736 507
1730 633
1285 2001
3077 879
3129 1398
2633 448
1674 2731
1095 681
3140 2743
1172 954
1038 2058
636 910
1012 83
3030 2503
823 1558
200 1446
3152 1562
2764 3209
3031 1466
869 1238
1345 1809
320 487
2167 1399
332 1559
621 642
1829 743
2770 78
2980 3059
1695 2397
1160 2222
235 2947
1003 1998
1886 153
299 1350
1933 469
2811 2180
985 494
924 1237
1794 1893
289 2087
256 2111
1743 2658
1498 1697
1287 1634
1196 227
124 1672
1059 418
1812 328
1306 1392
635 1053
3104 968
1689 1496
2840 3065
2158 1459
363 1484
1268 1853
1209 580
426 2819
2428 1013
738 2179
1378 572
1364 59
2973 2094
654 86
2917 1148
600 3200
1021 351
443 919
2114 1518
484 2210
1609 477
2153 248
1773 1445
912 1727
237 822
184 1859
1969 1320
3062 1848
1129 930
760 423
3088 772
3115 2722
404 405
863 231
1009 35
518 777
1458 1078
1545 2871
1442 1298
608 520
2298 1408
838 2306
2808 1803
2769 1642
401 1016
629 3038
995 2477
1230 1500
28 2383
1170 791
1910 1121
464 2062
2935 762
610 908
2091 1581
1996 587
1084 1060
603 770
1313 1958
2040 1725
2080 1902
2113 2954
1247 2784
1243 1050
1776 134
1797 1748
335 2430
267 433
1501 133
23 3005
1221 1783
2665 304
579 2459
949 652
1425 2852
264 812
616 1789
2839 2127
1845 974
1083 1149
1277 2646
432 2925
318 1063
1174 2575
719 67
2249 102
599 415
1990 641
2950 2581
6 677
1296 764
2641 142
1598 1276
375 678
1838 729
853 1733
3259 1045
601 2161
2920 1899
2704 686
1595 1534
2655 530
3114 539
3181 2356
2500 2322
2969 1728
388 3223
950 1058
413 1202
1397 1032
2836 1921
2036 3253
2482 830
1145 1472
446 1203
1509 136
774 1184
301 965
903 421
300 1779
3050 242
1571 534
1698 1835
3091 1888
3071 3006
2042 632
1782 2443
70 485
885 2689
2648 672
647 1332
1585 2736
2526 370
481 2229
1079 688
1037 1673
2409 3116
2949 1476
3173 2688
1621 470
3018 2384
2283 45
611 1687
803 1067
2352 2253
1086 1840
262 2255
1883 2639
917 91
87 2991
718 2850
90 2366
257 187
597 790
3070 1299
1678 1318
617 684
2118 1212
424 708
322 929
2177 796
438 1577
1734 1070
223 1881
671 717
458 2448
3144 1565
517 2681
228 663
1625 1941
2753 2396
2380 3247
1554 325
2230 2033
841 357
1977 1385
1413 2104
552 305
43 95
1942 1449
173 2467
2490 1236
22 855
2612 212
2994 701
2314 1607
942 462
409 2339
2518 613
1087 2436
2963 2159
1582 168
783 2548
1682 274
2000 931
1972 994
834 871
238 1663
1667 472
3109 1433
882 41
564 1158
1494 1467
502 2107
1006 190
1002 1260
149 1974
1157 973
143 1614
69 115
2802 2908
1865 1216
79 1426
2427 721
2096 2081
1211 1324
319 1254
429 618
1000 1220
479 2798
377 2653
1315 482
2295 1147
1051 493
436 1963
682 1742
1691 817
1739 2433
3124 1615
2513 734
1340 399
829 1578
1676 2677
1751 1707
2364 2768
3230 1119
706 1662
1444 8
1410 2570
989 1039
3089 519
936 2369
216 2745
2676 338
480 1536
1256 1510
558 2605
2034 1272
1322 945
1193 9
1819 2263
2286 1480
2463 1266
2223 2156
475 2804
1992 840
144 3094
3210 169
2020 1761
655 2863
126 740
649 975
505 1909
920 2017
1546 2780
704 88
1107 2507
1047 114
2086 1627
55 1261
2208 1094
40 251
1613 2047
287 1251
293 2960
771 2103
2083 68
460 2691
302 1799
1479 1098
449 1311
781 1949
3034 2057
1416 1242
1071 1372
2556 27
1100 713
1001 668
344 1854
638 958
979 1333
145 185
2877 7
2957 868
2168 331
2194 813
2803 473
3153 1118
241 234
2956 1415
1927 1123
745 3010
100 411
3052 1481
2555 3171
205 925
394 1719
626 916
1267 614
873 176
77 1461
3163 1417
1599 125
639 665
1439 977
2252 391
3251 2340
567 1232
36 395
2026 2627
2638 3202
696 2788
1870 2333
549 2673
1007 2170
11 2771
907 2726
261 2972
773 306
1802 2417
453 766
1405 1600
2602 2145
2189 356
2893 1215
2785 1597
1567 2193
895 804
2817 1422
128 1436
553 602
1222 1916
108 3241
2160 3060
105 1452
581 2876
2345 983
870 1239
2074 574
272 58
960 194
2921 1337
568 51
2082 2023
1411 2319
902 1128
1052 167
2072 768
1492 44
127 998
2510 2176
420 2778
531 2509
2993 1843
1836 3249
495 709
2206 1338
837 343
367 893
2371 2251
269 2278
1011 2499
333 3165
3215 2786
279 676
2085 2120
334 661
3255 1206
737 266
1294 915
96 918
820 2328
1822 1180
2930 1904
1471 1142
2162 2242
2012 1788
2309 2553
620 559
1271 2182
355 1771
1357 2815
563 2043
324 2204
31 386
624 542
1867 1127
1583 84
1620 54
1181 2843
2260 1033
303 860
522 1814
1363 625
157 1675
794 3098
746 244
1785 913
831 2860
403 1660
991 1341
3227 1262
2452 3110
2720 3058
1097 650
3180 828
2150 180
2431 798
1278 16
739 963
3002 3097
291 1189
3246 2290
2952 2148
2672 2944
2402 361
89 1622
3087 900
1217 397
2465 1200
2608 1649
1102 1400
2076 2824
1356 385
619 2629
545 886
1076 674
1089 229
939 65
342 232
1291 2100
174 270
171 1801
2285 1897
2520 551
1151 1108
204 673
2065 5
2698 2751
2990 317
276 329
3075 1820
2598 1608
2870 209
2643 2502
1120 2830
162 1235
3269 2165
1325 170
1960 326
116 380
1507 2399
2890 135
250 206
1280 1680
1669 2296
515 1959
2379 109
