12 12 494
13 13 494
38 38 494
45 45 494
53 53 494
75 75 494
84 84 494
89 89 494
95 95 494
99 99 494
131 131 494
188 188 494
193 193 494
195 195 494
210 210 494
215 215 494
233 233 494
261 261 494
310 310 494
321 321 494
322 322 494
329 329 494
338 338 494
420 420 494
440 440 494
447 447 494
449 449 494
451 451 494
220 438
17 243
11 199
334 318
21 155
170 59
336 469
264 232
218 357
370 470
50 341
445 105
331 278
433 256
124 345
182 58
183 48
78 228
0 281
79 296
342 162
355 252
487 224
36 267
480 22
344 340
120 145
171 353
32 304
86 113
289 213
237 466
453 71
326 46
133 335
73 212
349 305
235 347
138 88
196 180
250 204
74 439
164 401
20 292
169 343
363 260
297 23
468 5
181 280
412 64
40 279
173 168
234 270
31 248
474 441
70 82
4 395
18 153
482 56
43 299
327 312
240 33
206 425
142 80
307 132
34 229
158 14
186 177
54 184
87 98
68 361
122 351
490 455
154 397
149 402
288 271
414 408
410 144
471 163
72 488
35 291
254 130
262 63
166 298
268 481
61 200
375 208
417 103
426 165
396 253
387 222
172 328
