3 3 713
42 42 713
55 55 713
56 56 713
95 95 713
104 104 713
111 111 713
198 198 713
225 225 713
227 227 713
238 238 713
248 248 713
252 252 713
259 259 713
269 269 713
295 295 713
324 324 713
383 383 713
392 392 713
436 436 713
457 457 713
458 458 713
479 479 713
540 540 713
605 605 713
606 606 713
660 660 713
698 698 713
250 637
279 285
31 426
158 190
347 429
44 381
182 509
166 288
74 133
66 474
677 691
184 150
384 264
636 180
551 96
473 453
629 165
78 331
170 79
487 149
144 442
417 241
0 207
48 58
622 148
669 181
387 539
364 21
421 230
390 656
411 343
153 639
396 530
171 676
667 164
296 351
363 87
297 706
681 292
318 70
357 336
120 213
63 113
7 268
186 332
566 49
471 431
511 569
262 333
552 475
502 242
10 294
20 222
212 67
267 5
602 452
642 441
8 290
172 1
555 518
593 218
103 533
11 300
445 490
33 341
658 480
432 29
376 615
69 114
197 173
237 284
568 399
18 86
603 260
245 155
378 145
12 536
608 652
254 469
32 541
199 326
688 644
223 299
334 76
187 464
157 298
9 433
220 17
280 466
339 401
695 704
291 169
185 124
91 649
410 478
462 208
610 206
327 54
240 196
412 512
50 614
375 342
370 395
183 599
517 289
142 529
496 546
167 43
413 414
235 355
53 601
548 154
535 600
340 80
40 236
571 68
35 232
61 514
617 307
468 132
482 51
597 528
657 449
229 701
305 34
317 24
646 4
168 138
447 369
147 274
105 73
161 36
594 228
287 121
59 587
110 88
234 344
682 349
60 249
72 672
128 188
163 576
