2 2 1287
13 13 1287
26 26 1287
38 38 1287
49 49 1287
64 64 1287
104 104 1287
116 116 1287
117 117 1287
124 124 1287
140 140 1287
141 141 1287
148 148 1287
195 195 1287
222 222 1287
246 246 1287
290 290 1287
294 294 1287
298 298 1287
316 316 1287
321 321 1287
329 329 1287
335 335 1287
372 372 1287
407 407 1287
424 424 1287
428 428 1287
430 430 1287
439 439 1287
444 444 1287
489 489 1287
501 501 1287
503 503 1287
510 510 1287
545 545 1287
557 557 1287
585 585 1287
648 648 1287
656 656 1287
698 698 1287
707 707 1287
715 715 1287
727 727 1287
769 769 1287
787 787 1287
804 804 1287
810 810 1287
837 837 1287
878 878 1287
880 880 1287
889 889 1287
922 922 1287
949 949 1287
963 963 1287
1013 1013 1287
1028 1028 1287
1182 1182 1287
1195 1195 1287
1203 1203 1287
1246 1246 1287
1253 1253 1287
1268 1268 1287
1007 737
95 1136
456 530
632 459
341 649
473 317
823 351
1278 497
664 1125
69 1191
1280 855
610 574
42 710
1051 432
344 1282
729 282
471 263
287 582
167 1032
342 191
775 512
138 1038
266 691
220 54
300 644
257 457
537 0
1011 1223
31 699
813 475
579 375
157 697
34 262
977 32
154 1101
164 541
43 791
739 86
212 596
1067 131
517 809
199 460
1069 109
673 279
1235 802
464 669
357 463
511 258
744 1275
685 387
701 639
1256 926
777 606
623 1221
158 893
903 622
384 482
907 960
633 79
551 133
370 822
127 374
519 190
539 355
614 144
1207 58
581 478
10 469
1266 1163
176 223
661 1165
713 197
16 318
1240 1027
663 658
326 215
736 445
1055 1259
361 458
204 243
1180 33
82 514
447 231
518 601
143 555
613 704
186 7
356 417
681 426
577 410
51 692
303 28
628 1257
1251 660
1149 429
792 134
808 939
118 156
933 999
142 301
947 18
484 1196
213 682
200 650
381 414
758 320
864 1238
894 292
1215 799
827 462
746 708
766 942
773 271
278 659
853 147
1108 228
984 619
304 35
531 962
1039 425
153 629
913 881
553 477
427 592
70 128
409 940
114 1092
1138 1217
1139 1077
571 404
1242 398
389 296
1003 767
216 1120
956 1142
1009 297
781 599
331 1024
1021 308
1040 66
990 730
67 431
36 490
11 859
624 202
1236 1066
842 642
182 206
840 544
205 1058
245 928
78 22
285 978
161 528
400 709
812 395
96 693
376 944
149 411
443 597
324 1083
558 145
677 938
163 945
896 1079
552 935
339 74
1002 336
219 378
900 617
139 566
363 762
851 636
306 918
466 364
280 226
583 313
467 899
1052 506
211 502
886 565
455 169
684 657
1029 438
63 955
563 1043
105 81
522 385
377 1070
879 721
1151 1204
83 602
734 834
626 17
59 312
173 1059
1243 50
1023 244
327 8
103 340
1091 819
671 405
259 507
895 486
251 1265
286 256
888 751
535 88
674 780
1089 986
863 1216
905 667
1016 868
421 1124
745 209
741 806
1022 676
1146 1133
412 647
688 338
920 683
954 1086
187 479
194 815
759 1006
185 852
170 910
334 620
527 1272
835 800
588 373
843 44
254 1093
371 828
1121 325
237 768
570 291
288 112
603 1097
672 390
608 515
630 564
1158 964
348 890
1131 247
1147 872
360 609
985 924
989 249
305 9
568 136
750 235
101 1008
968 397
229 184
487 433
60 6
289 1017
549 679
742 509
72 12
20 453
108 771
1116 548
234 122
908 90
1074 728
132 307
171 264
714 180
166 380
40 73
580 1075
472 1187
747 873
135 1005
